0.1861
-0.0253
0.1605
0.0084
0.0422
0.059
-0.0168
-0.0927
0.0422
-0.118
0.0928
-0.0506
-0.2277
0.0761
0.1436
-0.1012
-0.0338
0.0169
0.0
-0.0591
0.1099
-0.2448
0.1692
0.2365
-0.2697
0.0423
0.0253
-0.2027
-0.0592
0.0085
-0.0423
0.0508
0.0847
0.0846
-0.0338
-0.0592
-0.0592
0.0423
0.0085
0.0423
0.093
0.076
0.0
-0.0169
0.2026
0.0
-0.0506
0.0253
-0.2613
-0.0592
-0.1015
0.0931
-0.0507
-0.0085
0.0254
-0.0085
0.0
0.0931
-0.0676
0.0254
0.0169
0.1606
0.0253
0.2953
0.0505
-0.0084
-0.0252
-0.0084
0.0252
-0.0252
-0.0252
-0.0337
0.1094
-0.0757
0.1262
0.1429
0.0504
0.4613
0.1085
-0.0751
-0.3088
-0.0084
-0.0335
-0.0251
0.0503
0.0
-0.1842
-0.0923
0.1679
-0.0922
-0.0084
-0.0084
0.0252
-0.1007
0.0336
-0.0924
0.0084
0.042
0.0
-0.1428
0.143
0.0
-0.0168
0.0168
0.0504
-0.0756
0.0336
0.0084
0.0168
-0.0336
-0.1176
0.0589
-0.1008
0.0337
0.0589
-0.0084
0.2269
-0.0335
-0.3104
0.0421
-0.1094
0.1768
0.0588
-0.1008
-0.1093
-0.0421
0.0505
-0.0505
-0.059
-0.118
0.0506
0.1012
-0.1011
0.0084
-0.0084
0.0
-0.1096
-0.0507
0.0
-0.1351
-0.1522
-0.1101
0.0
0.1442
-0.1355
0.017
-0.0848
0.1358
-0.1271
0.0848
-0.1102
-0.0509
0.0594
0.0255
0.1697
-0.2287
0.0509
-0.1018
0.0085
-0.051
0.068
0.0509
-0.0849
0.0
-0.0595
0.0425
0.0
0.0
0.068
-0.017
0.0849
-0.0764
-0.017
-0.0764
0.034
0.0255
0.0595
0.1528
-0.2119
-0.017
-0.0765
-0.1785
-0.1107
0.0085
0.0
0.0
0.0
-0.0256
-0.0682
0.0683
-0.145
-0.0171
0.0769
-0.1195
-0.1624
-0.1198
0.0686
0.1884
0.1111
0.111
-0.0938
0.0427
0.0171
0.273
-0.017
-0.1957
0.0597
0.0767
0.0426
-0.0766
0.1107
0.1106
0.051
-0.0085
-0.1954
0.2043
0.0595
0.0509
-0.1188
-0.1869
-0.0851
0.0
-0.0937
0.0597
0.0256
0.213
0.102
-0.1274
0.0085
0.051
0.0
0.0085
-0.2039
-0.1362
-0.1961
-0.1111
-0.1625
-0.257
0.5067
-0.0769
0.2138
-0.0427
-0.1366
0.0085
-0.1197
0.077
-0.0257
-0.1026
0.0171
0.0599
0.0171
0.0171
0.0257
-0.0513
-0.1369
0.0086
0.0514
0.0685
0.0257
-0.0513
-0.1198
0.0685
-0.0685
0.0
-0.0086
-0.0171
-0.0857
0.0086
-0.0086
0.0172
-0.0172
-0.0172
-0.0172
-0.0515
0.0086
-0.0343
0.0945
0.1716
-0.2312
0.0172
-0.0944
0.0859
-0.0258
-0.1116
0.0172
0.043
0.0172
-0.0859
0.1203
-0.0773
-0.3093
0.431
0.4291
-0.47
-0.103
0.043
-0.1804
0.0
0.0516
-0.129
-0.2153
-0.2417
-0.1298
-0.13
-0.0521
-0.0434
0.0695
0.0174
-0.026
0.026
-0.0607
-0.0868
-0.0608
-0.1826
0.0697
-0.087
0.0348
-0.1132
0.0872
0.1568
-0.0261
0.0522
0.0261
-0.0348
-0.1913
-0.0348
-0.1394
0.0
-0.096
-0.1136
-0.0087
-0.0875
-0.2626
0.1229
0.0438
0.0263
-0.0438
-0.0263
0.2718
-0.035
0.2186
-0.1396
0.1136
-0.2531
-0.035
0.429
0.0
-0.4184
-0.035
-0.1751
0.0
0.0088
-0.0789
0.1668
-0.0701
0.0351
-0.0351
-0.0175
0.193
-0.1576
0.0614
0.2629
0.0087
-0.0874
0.07
-0.1224
0.1488
-0.035
-0.0699
0.0437
0.0087
0.0175
-0.035
-0.0787
0.0525
-0.0525
0.0088
-0.0088
-0.035
0.0175
-0.1138
0.0175
0.0964
0.0613
0.1662
0.0
-0.131
-0.0525
0.0612
-0.1399
-0.0175
0.0
0.0175
-0.0263
0.0175
-0.1226
-0.1052
-0.0965
0.1406
-0.1316
-0.0439
-0.1494
-0.3344
0.3091
0.0352
-0.1408
-0.2996
0.2387
0.1235
0.1497
0.0967
0.0088
-0.0439
0.0439
-0.0264
-0.0088
-0.2373
0.1145
-0.1672
-0.0088
-0.097
0.1323
-0.0176
0.0088
0.0969
-0.0352
-0.044
-0.1322
-0.0353
0.0265
-0.0794
-0.0795
-0.1502
0.062
-0.0796
0.062
-0.23
-0.0177
0.1064
-0.1417
-0.0444
0.1243
-0.0975
0.2307
-0.0443
-0.0266
-0.0354
-0.0354
0.0266
-0.0355
0.0089
0.1596
0.0266
-0.3628
0.0355
-0.0533
-0.0622
0.0356
0.1777
-0.2483
0.0889
-0.1866
-0.1068
0.0
0.0624
0.0623
0.0089
0.0445
0.0089
-0.1512
-0.098
-0.0178
-0.0178
0.1249
-0.0089
-0.0089
0.0535
-0.0356
-0.0802
-0.0178
-0.1516
0.0357
0.0893
-0.0981
0.0893
-0.107
-0.0089
0.0089
-0.0446
-0.0268
0.0447
-0.0536
-0.1608
0.0895
0.0
-0.0089
0.2325
0.0714
-0.1516
0.0536
-0.2142
0.0358
-0.0447
-0.1252
0.0448
-0.0895
0.1523
0.1968
0.0179
0.4106
-0.2045
-0.0535
-0.0267
-0.1427
0.0268
-0.0803
-0.0715
0.0715
0.1161
-0.1249
0.0089
0.0089
0.0447
0.0357
0.0536
-0.0089
0.0178
-0.116
0.0
0.0982
0.0535
-0.0178
0.0
-0.0089
0.0714
-0.0891
0.0535
-0.0535
0.0178
0.0357
0.0624
-0.1247
-0.0446
0.0357
0.0446
0.0357
0.0267
-0.1248
-0.0089
-0.1785
0.1788
-0.0089
0.0714
0.0357
-0.0802
-0.1963
0.0983
0.0268
-0.0714
-0.0715
0.0268
-0.0536
0.2326
-0.0089
-0.0892
-0.0536
0.0715
-0.0804
-0.0894
0.0447
-0.4382
-0.009
0.0719
0.0359
0.0538
-0.0807
-0.0359
0.0449
-0.0359
0.0988
0.0359
0.3497
0.0536
-0.125
0.1252
-0.0714
0.0804
0.0446
-0.0714
-0.0447
0.1072
0.0803
0.0
-0.1338
0.0179
-0.0446
0.0357
0.0089
-0.0089
0.0089
-0.1339
0.0805
-0.0983
0.0179
0.0179
0.1073
0.1072
0.3479
-0.2311
-0.0535
0.3209
0.4798
-0.3891
-0.5238
0.2856
-0.1602
0.3655
-0.1687
-0.1868
0.1515
0.0089
-0.0712
-0.0623
-0.2673
0.0
0.1876
-0.1694
0.0357
0.0268
0.0446
-0.116
-0.0179
0.0715
-0.1339
-0.0268
0.161
0.0446
-0.0892
0.0625
-0.0357
-0.0357
0.0357
-0.134
-0.0358
0.0447
-0.0179
0.0537
-0.2235
-0.0896
0.1435
0.197
-0.0715
0.0894
-0.0983
-0.0089
0.0894
-0.0179
-0.0983
-0.1431
-0.1792
0.0539
-0.0538
0.1167
0.1076
-0.197
-0.0538
-0.1616
-0.1169
0.117
0.4226
0.0
0.009
0.1522
-0.0626
0.1163
-0.0715
-0.0984
-0.0627
0.206
0.0447
-0.0536
0.1162
-0.0089
0.0
-0.0714
0.0179
-0.0179
0.1519
-0.0268
-0.0535
-0.0179
0.0089
-0.0536
-0.0625
0.0268
0.0715
-0.0804
0.0715
-0.0089
0.0
-0.0357
-0.0983
0.0447
0.0179
0.0358
0.0089
0.0447
0.0
-0.0089
-0.0268
-0.0357
-0.0804
0.0716
-0.0536
0.0089
-0.0447
0.0
0.0089
0.0447
0.0715
0.0268
-0.0536
0.0536
0.2233
0.1783
-0.0356
-0.0356
0.0356
-0.0089
0.0089
0.0
-0.0178
-0.0445
-0.0356
-0.0089
0.0089
-0.0089
0.0624
-0.089
0.0446
0.0
-0.0534
-0.0357
-0.0267
0.0089
-0.0535
-0.0089
0.0178
0.0089
-0.0357
-0.0089
0.0357
0.0
0.0
-0.0268
0.0357
-0.0446
0.0178
0.0089
0.0178
-0.0089
-0.0803
0.0089
0.0268
0.0089
0.0
0.0446
-0.0178
0.0089
0.0
-0.0446
0.0
0.0268
0.0178
-0.0357
0.0
-0.0089
0.0
0.4106
0.0711
0.0799
0.0976
0.1064
-0.062
0.0975
0.1063
0.2123
-0.2295
-0.0354
0.0973
0.1857
-0.0265
-0.1765
0.0973
0.0088
-0.0177
0.0088
-0.0177
0.0088
-0.0265
0.0265
-0.0177
0.0265
-0.053
-0.1237
-0.0177
0.0531
0.0354
-0.0354
0.0354
0.0177
-0.0088
-0.0619
0.0354
-0.0265
0.115
0.3093
0.0352
-0.0352
-0.0176
0.0793
0.088
0.0528
0.1143
-0.0263
-0.1142
0.1055
-0.0176
0.0615
-0.0351
0.0439
-0.079
0.1757
0.5526
0.3053
0.2261
0.2169
0.2078
0.3629
-0.1291
0.0259
-0.0862
-0.0173
0.5953
-0.1372
-0.0773
0.0172
-0.0258
-0.0172
0.0258
0.0172
-0.0172
-0.0344
0.0688
-0.0601
-0.0774
0.0086
-0.0258
0.0602
0.0086
-0.1548
-0.1206
-0.0776
0.069
-0.069
0.1553
-0.1982
-0.3194
-0.0087
-0.0087
-0.0173
0.052
-0.1386
-0.0173
-0.0694
-0.1215
0.1303
-0.1562
0.0608
0.0347
0.0868
-0.0174
0.0781
0.1994
-0.199
0.2341
-0.0346
-0.8394
0.4363
-0.2433
-0.0784
0.1046
0.0348
0.0348
0.0261
0.0609
0.0435
0.0
-0.0087
0.0
-0.0695
0.0174
0.0087
0.0609
0.0
0.0608
-0.0695
0.0
0.0435
-0.0087
-0.0956
0.0087
-0.1478
-0.0435
0.0871
-0.1044
0.0784
0.0435
-0.0783
0.1481
0.0087
0.0348
-0.1478
0.1306
0.1217
-0.1476
-0.2348
-0.3051
0.2011
-0.1483
0.1748
0.2443
-0.0609
0.1567
0.1391
0.1042
-0.0173
-0.1128
-0.1129
0.1565
0.1389
-0.0087
-0.078
-0.0174
0.1388
-0.104
-0.0867
-0.0695
0.0434
0.0261
0.0781
0.0781
0.1214
-0.0087
-0.1818
0.0607
-0.1127
-0.0608
0.0087
-0.1997
-0.1044
-0.2178
0.0349
0.1396
-0.0784
-0.0698
0.0436
-0.1396
-0.1922
-0.0875
0.0964
-0.0875
0.1664
0.0262
0.0087
-0.1923
0.0088
-0.0088
-0.035
-0.0789
0.1929
-0.1575
-0.1315
0.0527
-0.2193
-0.1407
-0.1761
0.0441
-0.2116
0.1237
-0.0706
-0.0618
-0.0618
-0.1326
-0.0089
-0.602
-0.2405
-0.125
0.1788
-0.0803
0.2858
0.0356
0.1335
-0.2311
-0.0178
-0.1069
-0.1071
0.0625
0.1964
-0.0178
-0.0713
-0.1159
0.0268
0.0714
0.0803
0.0267
0.0624
-0.1157
-0.0267
0.0357
-0.0535
0.0624
0.0356
-0.0802
-0.107
-0.1874
0.1162
0.0714
-0.0535
-0.125
0.0447
-0.0626
0.1431
0.0714
-0.0357
-0.0536
-0.0179
-0.0715
0.0447
0.1966
-0.0803
-0.0535
-0.0179
-0.0447
-0.0447
-0.0447
0.0715
-0.1251
0.4295
-0.1693
0.1249
0.2852
-0.08
0.1334
0.2043
-0.195
0.1777
-0.0532
0.0266
-0.0443
-0.2839
-0.4271
0.1072
-0.0268
0.1161
0.1338
-0.2138
0.0714
0.0624
-0.0802
0.0981
0.0446
-0.0178
-0.0356
0.0624
-0.0267
-0.0089
-0.0089
-0.098
-0.0357
-0.116
0.1161
-0.0357
-0.0714
0.0268
-0.0536
-0.0804
0.0358
-0.2861
-0.3497
-0.045
0.063
0.009
-0.0989
-0.027
0.072
0.009
0.018
0.117
-0.1977
0.018
-0.036
0.1441
-0.3327
-0.4331
-0.0816
-0.0091
0.0
0.0816
-0.0634
-0.1179
0.0272
-0.0363
-0.2361
0.091
-0.0818
0.0091
-0.0182
0.0637
-0.1546
-0.0547
0.0091
0.2461
-0.0818
-0.1274
0.0091
0.082
-0.0455
0.0182
0.0546
0.0273
-0.0091
-0.1638
0.0729
-0.0091
-0.0091
0.0091
0.0455
-0.0364
-0.1366
-0.0091
-0.0638
0.0274
0.1004
0.1094
-0.1092
-0.0091
0.2005
0.0637
-0.0818
-0.0273
-0.0455
-0.0091
0.0728
0.1911
0.0999
-0.0181
0.2904
0.0724
0.009
0.0814
0.1716
-0.1082
0.0542
0.0271
0.0631
0.0541
0.036
-0.018
0.0811
-0.126
0.018
0.0991
0.054
0.036
-0.054
0.153
-0.1078
-0.0899
0.144
0.0
-0.0989
0.018
0.027
-0.045
0.054
0.0
0.0989
-0.027
-0.009
0.027
-0.0359
-0.0449
0.0899
-0.0629
0.1708
-0.2064
-0.0719
-0.216
0.018
0.0902
0.0541
-0.2792
-0.0632
0.0271
-0.1084
0.1176
-0.0903
0.2351
0.1353
0.3693
0.0897
-0.1345
0.0539
0.0808
-0.1255
-0.1616
-0.009
0.0899
-0.027
-0.009
-0.009
0.0719
0.0
0.0539
-0.1257
0.0719
-0.018
-0.2515
0.054
-0.3331
-0.2348
-0.2082
-0.3357
-0.0728
-0.0364
-0.2005
-0.0822
0.1097
0.1369
0.0729
-0.0364
-0.1914
0.0456
-0.073
-0.0091
0.0365
-0.0274
-0.1644
0.0
-0.0274
-0.0183
-0.1098
-0.1008
-0.0275
0.0092
0.2293
-0.1098
-0.1466
-0.0184
0.1009
0.22
0.064
-0.3017
-0.5868
-0.3966
0.2037
0.1386
-0.2769
-0.0648
0.2778
0.0369
0.3969
0.0368
0.0276
-0.0827
-0.092
0.0644
0.0092
-0.046
0.1564
0.1194
-0.0275
-0.0643
0.0092
-0.0184
-0.0551
-0.1654
0.1381
0.0092
-0.0368
0.0
-0.046
0.0552
0.0092
0.0092
-0.1103
-0.0184
-0.046
-0.0737
-0.0184
0.0461
0.1382
0.0
0.0828
-0.1471
0.1013
0.0644
0.193
0.1009
0.0275
0.2382
-0.1097
0.0824
-0.3109
-0.0275
0.211
0.3021
-0.1369
-0.393
-0.1835
-0.6343
0.074
-0.2034
0.1945
0.037
0.0185
-0.0832
-0.0462
-0.0555
-0.0278
0.0648
0.0185
-0.0833
0.037
0.0278
0.0463
-0.037
0.0185
-0.0185
-0.0555
-0.0278
-0.1297
-0.0185
0.0835
0.0463
-0.0648
-0.0463
-0.2689
0.0279
0.0465
0.0465
0.1207
-0.1299
-0.0836
0.0558
-0.0836
-0.0279
0.0186
-0.0465
0.0186
0.1023
-0.2416
0.2235
-0.1766
-0.0652
0.0932
0.1955
-0.1393
-0.0279
0.214
0.3807
-0.0925
-0.3426
-0.0279
0.0836
0.0371
0.0
0.0093
-0.0278
0.2785
0.0648
-0.2128
-0.2503
-0.2231
-0.2049
0.0
-0.084
0.1214
-0.084
0.0187
0.0093
-0.0187
0.056
0.2706
-0.0838
-0.0932
0.0746
-0.0186
-0.0839
0.0
-0.0839
-0.0093
0.0653
0.1026
0.0559
0.0279
0.1955
-0.1115
0.0
-0.0465
0.1396
-0.1487
-0.0559
-0.1025
0.0
0.0466
-0.0932
-0.1119
0.1588
0.028
-0.1212
-0.0373
0.1214
0.028
-0.6059
-0.2908
0.4233
-0.0562
-0.15
-0.0469
-0.2348
-0.0282
-0.2448
-0.0283
0.0189
-0.0566
0.0756
0.0755
0.2263
-0.2729
-0.1227
-0.2173
0.142
0.0756
0.0378
0.1228
-0.0472
0.1038
-0.0189
-0.264
0.0567
0.0756
0.085
0.0094
-0.0377
-0.0094
-0.0094
0.0849
-0.0377
-0.0189
-0.0094
0.066
-0.0189
-0.0094
-0.0943
0.0472
-0.2076
0.0567
-0.3497
0.0948
-0.1042
-0.2276
0.2567
0.0759
0.1232
0.2082
0.1228
-0.0377
-0.1793
0.189
0.2547
-0.0659
-0.2354
0.0755
0.132
0.0942
-0.0188
0.0188
0.1694
-0.1033
0.0282
-0.0188
0.3197
-0.1968
0.2066
0.0
0.1125
-0.1123
-0.075
-0.1032
-0.0376
-0.0657
0.094
0.0282
-0.0469
-0.1503
0.0752
-0.0376
-0.1034
0.0941
-0.0282
0.0094
0.1129
0.0282
0.0376
0.0751
-0.0375
-0.0188
-0.0657
0.2254
0.0562
0.0
-0.1592
0.0938
-0.0562
0.1594
0.0749
0.0
0.0374
0.1683
0.1774
0.0466
-0.326
-0.3645
-0.6754
0.0283
-0.1983
0.0189
-0.0473
0.0473
-0.9742
-0.1433
-0.0574
0.0861
0.1243
0.1815
-0.3146
-0.1052
-0.2106
-0.1343
-0.1537
-0.0673
0.0096
0.154
0.173
-0.3358
0.0096
0.0193
-0.0192
0.1059
0.0096
0.0
0.1635
0.096
0.3069
-0.0574
0.0861
-0.1529
-0.0383
0.0096
-0.4213
0.1635
0.0576
0.2207
-0.1915
0.1631
0.0
-0.3831
-0.3845
0.1448
-0.1927
0.0869
0.0868
0.0096
0.2506
-0.0192
-0.2212
0.3469
-0.7683
-0.1065
-0.1453
0.0
0.0194
-0.0679
-0.3397
0.3409
-0.0485
-0.1457
-0.2042
-0.5068
-0.2645
-0.3437
-0.4435
0.198
-0.0889
0.1681
0.4541
0.2752
-0.294
-0.3145
0.0
-0.2958
0.2176
-0.0493
-0.1777
0.0297
0.0
0.0692
0.1976
0.0394
0.0493
-0.1379
0.0296
-0.0197
0.0296
-0.2959
-0.0396
-0.0792
-0.1188
0.2875
-0.1977
-0.0792
-0.0099
-0.1388
0.1092
0.0397
-0.0198
-0.1388
-0.278
-0.0199
-0.4083
0.0
0.06
1.3392
-0.1677
0.1087
-0.1085
0.0494
0.158
0.0197
0.345
-0.1375
0.0295
-0.0688
-0.0787
-0.0098
0.0394
-0.0098
-0.4234
0.1879
0.1184
2.5234
0.2788
-0.6711
0.7625
-0.1629
0.2783
0.067
0.153
0.1909
0.0095
0.4955
-0.3508
0.1713
0.019
-0.038
-0.19
0.1904
0.0095
-0.114
-0.0856
-0.0381
-0.1428
-0.1526
-0.1051
0.0478
0.0
0.3918
-0.1237
-0.0191
-0.2955
0.1052
-0.086
-0.3345
-0.2589
-0.5769
0.1644
0.0772
0.0289
0.2025
0.5294
-0.0574
-0.479
0.1155
0.1346
0.1632
0.0863
0.1149
0.2583
0.1813
0.3524
-0.3892
0.162
0.1998
-0.0475
-0.076
-0.0475
0.0856
-0.076
-0.0095
-0.0761
-0.2665
-0.2481
-0.0574
0.2489
-0.191
-0.2488
0.0863
-0.2108
0.1921
0.115
-0.0191
-0.1436
0.1438
0.1341
0.153
-0.0573
-0.0096
0.1911
0.1335
-0.0667
-0.0286
0.0572
0.3049
0.5319
-0.5669
0.076
-0.1139
0.0
-0.1046
0.4758
-0.0663
-0.0095
-0.0853
-0.5028
-0.1335
-0.2482
-0.1531
0.0575
0.3065
0.1815
-0.2002
-0.1624
0.0478
-0.0478
-0.0191
0.0
0.0478
-0.0574
-0.1053
0.0096
-0.0287
0.0096
0.115
0.0191
-0.1435
0.0
0.0383
-0.0287
0.0096
-0.0671
-0.0575
-0.2014
-0.1346
-0.077
0.2023
0.0673
0.2209
0.0671
-0.4885
0.1059
-0.1058
0.0963
-0.1442
0.0
0.0193
-0.0674
0.0
0.2216
0.0192
-0.2595
0.0096
-0.318
0.3383
0.1541
-0.0866
0.1444
0.2115
0.1439
0.2107
0.2199
0.3148
0.0856
-0.057
-0.0475
0.0951
0.114
0.038
0.1518
0.1042
-0.0189
0.0946
0.416
-0.0094
-0.1413
0.0566
0.066
-0.0659
-0.0566
0.1697
0.1977
-0.3476
0.2263
-0.0376
-0.0188
-0.0659
-0.1601
0.0189
-0.0566
-0.0378
0.0
-0.0189
0.1983
-0.0848
-0.0094
-0.1509
-0.085
0.0284
-0.0189
-0.0284
-0.0284
0.0378
0.3593
-0.0094
-0.0942
0.2924
-0.3104
-0.0094
-0.2453
-0.0284
0.5771
-0.2822
-0.2453
-0.0095
0.0473
0.0756
0.0
0.2267
0.0942
-0.2448
0.2548
0.4613
0.506
-0.4103
-0.0655
0.0187
0.2997
0.0654
-0.112
0.0654
0.0373
-0.1027
-0.028
-0.1682
0.1217
-0.0187
0.0187
-0.1403
0.0
-0.0468
0.1311
0.0655
-0.0654
0.1778
0.0654
-0.0467
-0.084
-0.1589
0.0842
-0.1029
0.0374
0.0
0.0842
-0.2244
0.075
0.0562
0.0
0.0842
0.0561
-0.271
-0.3374
-0.3291
-0.217
-0.2458
0.1801
-0.0568
0.0473
0.0284
0.0378
-0.2364
0.0948
0.0
-0.0852
0.1611
-0.1041
0.1326
-0.0568
0.0663
-0.0284
0.0757
0.1324
-0.0283
0.1039
-0.0189
0.0
0.0944
-0.132
0.0378
0.1132
-0.0943
-0.0377
0.0566
-0.1415
0.0378
-0.0661
0.0378
0.0472
0.1227
-0.1131
0.0378
-0.0189
-0.2548
0.2365
0.0944
-0.2452
0.0284
0.0851
0.1605
-0.1037
0.0661
0.0189
-0.1132
-0.2454
-0.2177
0.0569
0.2654
0.3592
-0.2826
0.1228
0.1415
-0.0471
-0.0377
-0.1697
0.0283
-0.0378
0.1039
0.0
-0.0944
0.1511
-0.0189
0.0
-0.0094
0.0377
-0.0377
0.0377
-0.0094
0.0189
-0.0471
0.0189
0.0189
0.0377
-0.066
0.0
-0.1981
0.0189
0.0095
0.0283
0.0094
-0.0283
0.0283
0.0
0.0283
0.0567
-0.1038
-0.0378
-0.104
0.0
0.0946
0.0473
-0.1889
-0.2366
-0.1233
-0.323
-0.2668
0.1242
0.0668
0.0191
0.0381
-0.1049
0.1908
0.0
-0.3429
-0.0669
0.0287
-0.0287
-0.1626
-0.3831
0.5385
-0.0287
0.3827
-0.4765
0.1436
-0.0096
-0.1052
0.0383
-0.0287
-0.0766
0.0862
-0.0191
0.0383
0.0096
0.0
0.0287
-0.0287
0.0096
-0.0191
0.0191
-0.0096
-0.0096
0.0478
0.0
-0.0478
-0.0191
0.0191
-0.0478
0.0383
0.0096
0.0
-0.0191
-0.0766
0.0766
0.0
0.0096
-0.067
0.067
0.0
-0.0957
0.0383
0.0287
-0.0574
0.0766
0.201
-0.277
0.4789
0.2479
-0.466
-0.0191
0.086
0.0191
-0.0859
-0.172
0.0287
-0.4975
-0.0769
-0.2694
0.0386
0.1543
-0.0385
0.1156
-0.1828
-0.0193
-0.1639
-0.1352
-0.1451
0.0581
0.0581
-0.0484
0.0
0.0484
0.0677
0.2417
-0.1543
0.0869
-0.1448
-0.0966
0.2032
0.0579
-0.0772
-0.0772
-0.1739
-0.029
0.0581
0.029
-0.0871
-0.0581
0.0969
0.2033
-0.2125
0.2033
0.1063
-0.029
0.0097
0.0483
0.0096
-0.5209
-1.571
0.4926
-0.1176
0.5889
-0.1854
-0.0196
-0.0587
-0.2935
0.1178
0.1862
0.0098
-0.1761
0.1568
0.0
0.2837
0.0878
-0.0585
-0.1463
0.0879
-0.0293
0.1171
0.0585
0.0097
0.1169
0.1071
0.1069
0.0874
-0.1455
0.0583
0.136
0.0679
0.1841
0.2902
-0.0386
0.3377
-0.1827
-0.106
0.4051
-0.2209
0.0578
0.2117
-0.0288
-0.2977
0.3661
-0.0576
0.096
0.4413
0.0955
0.1718
-0.2096
-0.2005
0.3539
-0.1049
-0.1145
-0.0764
0.1912
0.3817
0.3992
-0.303
0.1614
0.5973
0.3393
-0.2067
-0.0941
-0.3769
0.0851
-0.1134
-0.0757
-0.0568
-0.341
0.1521
0.0569
-0.1043
-0.1424
-0.0475
-0.1998
0.0477
0.0286
-0.2191
-0.1145
-0.0096
-0.2485
0.0096
0.2874
-0.0764
0.0765
-0.0382
-0.2771
0.3258
0.1242
0.1049
0.0572
0.562
-0.2273
-0.7215
-0.2295
0.3929
0.21
-0.1143
0.0572
-0.1906
0.0
0.2197
-0.1144
0.0191
-0.0477
-0.0286
-0.2482
-0.1531
0.2492
-0.5736
0.9038
-0.1715
0.1718
0.0476
0.1048
0.1142
-0.0475
0.0285
-0.1331
-0.0571
-0.0476
0.0476
-0.2667
-0.1337
0.1147
-0.0096
0.0
0.0669
0.0
0.0
0.0477
0.0859
-0.0667
0.0668
0.0572
0.0
-0.0286
0.0477
-0.0667
0.0572
0.0
-0.0667
-0.5338
0.2396
0.2008
-0.0477
-0.0955
-0.0287
-0.239
-0.115
0.048
0.2876
-0.1434
-0.1053
-0.0671
0.0288
-0.1726
0.0288
0.0192
0.2016
0.0
0.5557
0.3906
-0.2373
-0.0571
-0.257
0.0
-0.0859
-0.0573
0.1433
0.2958
-0.3901
0.0573
-0.0764
0.2197
0.0572
0.1239
0.1142
-0.1046
-0.2854
-0.0668
0.3151
-0.3427
0.2101
-0.143
0.0477
0.0095
0.0382
0.0095
0.0286
-0.0667
0.0
0.0477
0.1716
0.0857
0.0856
0.266
-0.2938
0.057
0.0
0.038
-0.1709
-0.2948
-0.124
0.3056
-0.1333
-0.0763
0.2767
0.4092
-0.2748
0.0855
0.3703
-0.2365
-0.1517
0.1614
-0.2181
-0.1425
-0.0761
-0.9428
-0.423
-0.1159
0.2513
-0.1061
0.0869
-0.6557
0.1068
0.2036
-0.1839
0.3199
0.0193
0.1836
-0.0482
-0.1351
0.0097
-0.1932
-0.0581
0.2712
0.1352
0.2411
0.0289
0.1635
-0.1153
0.0288
0.1442
-0.2976
-0.2407
0.193
-0.0385
0.0578
0.2311
-0.1826
0.0
0.0096
-0.1251
0.2506
-0.0865
-0.1924
-0.0386
-0.0193
-0.0386
-0.0482
0.0386
-0.0386
0.0579
0.0675
0.1543
-0.1637
-0.1061
0.1641
0.0096
-0.3662
0.1838
-0.222
0.0193
-0.0097
-0.0774
-0.1839
-0.0485
-0.0291
-0.0582
0.0777
-0.0194
-0.0874
-0.0972
-0.1556
-0.1364
0.1268
0.0195
-0.1266
-0.0488
0.0098
-0.0488
0.0878
0.0975
0.0682
-0.0097
-0.1168
0.0097
0.0975
0.0195
-0.0584
0.1169
0.0876
-0.0583
-0.1167
-0.0779
-0.0292
0.0585
-0.0487
0.0585
0.039
-0.1461
-0.1073
-0.0488
-0.2051
-0.137
0.1666
-0.1761
-0.1764
0.216
0.0588
0.0685
0.1076
-0.2737
0.0392
0.0392
0.0294
0.0392
-0.0685
0.0294
-0.0881
-0.0098
0.0098
0.1176
0.2153
-0.0977
0.0
-0.0978
0.0587
-0.0782
-0.1175
-0.0196
0.0784
-0.0196
0.1861
-0.0098
0.1076
-0.127
0.0587
0.1955
0.1561
0.2922
-0.0097
-0.204
-0.0097
0.1168
0.0681
-0.0486
0.0875
-0.136
0.0584
-0.0194
-0.2139
0.0585
-0.0195
0.1169
0.0097
-0.0292
-0.0486
0.0779
0.0
0.0778
0.0389
-0.0486
0.1361
0.0
0.0388
-0.0679
0.1359
0.2618
-0.3191
-0.0388
-0.0291
0.2524
-0.0775
0.1163
0.1742
-0.1063
-0.058
0.0871
-0.0193
-0.1354
-0.0484
0.1066
0.0581
-0.058
-0.0968
0.0872
0.0
-0.2711
-0.0971
-0.0875
-0.0097
-0.0584
-0.0876
0.0
-0.0974
0.0488
-0.1462
-0.0878
0.2344
-0.0097
0.0487
-0.1266
-0.0195
0.1659
0.0
0.0
0.0779
-0.0195
0.0
-0.0195
-0.0682
0.0
0.0974
0.0292
0.0292
-0.2432
0.117
0.0974
0.0487
-0.0195
-0.1362
0.1364
0.4377
0.2421
-0.0193
-0.0966
0.0484
-0.0773
0.1742
-0.0966
0.1644
-0.0483
0.029
-0.0483
0.029
-0.0869
-0.1256
-0.0871
0.0678
-0.1065
0.0775
0.0097
0.2711
0.0772
0.0096
-0.1929
0.029
0.0773
-0.0097
0.0
-0.0193
-0.0869
0.0387
-0.0097
-0.058
0.0483
0.0387
0.0097
0.0966
-0.0579
0.0579
-0.0482
0.0483
-0.0193
-0.0193
0.029
0.0097
-0.2219
0.029
0.029
0.0387
-0.058
-0.0483
0.0097
0.2128
-0.1158
-0.1353
0.2225
0.0965
-0.135
0.0193
0.0869
-0.1061
0.0
0.1352
0.0482
0.3567
-0.0672
0.3076
-0.0767
0.1918
-0.134
-0.115
0.1151
-0.0863
0.0288
0.163
0.3925
-0.1907
-0.086
-0.1721
0.1245
-0.0287
0.0287
0.2488
-0.1718
-0.0191
-0.0956
-0.0096
-0.0574
0.0287
-0.0096
0.0479
0.1531
-0.0765
0.1626
-0.2483
-0.2297
-0.1247
0.1729
-0.2685
-0.1058
0.1733
0.1249
0.1344
0.2492
-0.153
-0.0383
0.3257
-0.5156
-0.4702
-0.3953
0.1936
-0.1159
0.1451
-0.2318
0.1743
-0.058
0.058
0.3093
-0.0674
0.0964
-0.1156
0.0579
0.3951
-0.1344
0.0288
0.2306
-0.0192
0.0
-0.0671
-0.0288
-0.0864
0.0384
-0.0288
0.0096
0.0
0.048
0.0192
-0.0096
0.0
-0.0384
-0.0192
0.0096
0.048
-0.0384
-0.0192
0.1153
0.0096
0.0
0.0192
-0.048
-0.0576
-0.0384
0.048
0.048
0.0192
0.0576
-0.0384
-0.0192
0.0863
-0.1054
0.0
-0.3551
0.4045
0.0575
-0.1438
-0.0096
0.0672
0.2111
0.1245
-0.0478
0.067
-0.0765
-0.0191
-0.2201
-0.163
0.1441
-0.2302
0.0673
-0.0192
-0.1345
-0.0289
0.0096
0.0674
0.0289
0.0481
-0.0577
0.1442
-0.0576
-0.0961
-0.0096
0.0385
0.0385
-0.0577
0.0577
0.0384
-0.0288
0.0384
-0.0096
-0.0384
-0.0096
-0.0769
-0.0577
0.0289
0.0096
-0.0289
0.0
0.0096
0.0481
0.0289
-0.0673
0.0577
0.0288
0.0769
-0.0961
-0.4135
-0.0097
-0.1255
0.087
0.2801
0.0
0.1156
-0.1828
0.0964
0.0096
0.1348
-0.1346
0.0
0.0385
0.0385
-0.1058
0.1156
-0.0577
-0.1348
0.0386
0.1542
-0.0192
-0.0096
0.308
-0.0288
0.0576
0.0288
0.0959
-0.182
-0.0768
0.0096
0.0288
-0.1152
0.0769
-0.0384
0.0192
0.0384
-0.0192
-0.0096
-0.0288
-0.0769
-0.1442
0.0289
0.0578
-0.1539
0.0482
0.0
0.0674
0.0385
0.0962
0.0384
0.0769
-0.048
-0.0768
-0.2211
-0.1349
-0.0289
0.1737
0.0482
-0.077
-0.0482
-0.0386
0.0675
0.2988
-0.0096
0.0288
0.0192
-0.2401
-0.0578
0.106
-0.0192
-0.0193
0.0193
-0.1733
-0.0193
-0.0675
-0.222
0.0
0.0387
0.0773
0.1642
0.0096
-0.0193
0.0
0.0096
-0.0675
0.0965
0.0675
0.0
0.1445
-0.0481
0.0
0.0674
-0.0385
-0.231
0.2219
0.1444
0.0
-0.0096
0.0
0.173
-0.0192
0.1727
-0.0383
0.1342
0.0
-0.0191
-0.1436
0.278
0.0191
-0.0574
-0.2582
0.2493
-0.067
-0.1531
-0.0288
0.0575
-0.3067
-0.0385
-0.0577
-0.0577
0.2022
0.0673
0.0576
0.2495
0.0287
-0.134
-0.1821
0.1248
0.1151
0.1628
0.0861
-0.1528
-0.0096
-0.1435
0.0767
0.0
0.0287
0.1627
-0.0573
-0.0287
0.2487
-0.0382
0.1718
0.0095
0.1143
-0.1142
-0.0191
-0.1334
-0.0573
-0.0095
-0.0095
0.0191
0.0095
-0.0477
0.0955
-0.0668
-0.0095
0.0095
-0.0477
-0.0955
0.1243
0.1815
0.4194
0.3797
-0.3215
0.0664
0.1043
0.1705
0.4728
0.1223
0.0376
0.4134
0.1029
-0.4861
0.0
-0.2067
-0.2353
0.1981
0.2542
-0.1033
-0.3009
0.1415
-0.0094
0.1413
-0.0094
0.0
0.0282
-0.0658
0.1129
0.1598
-0.0282
0.1596
-0.2718
0.4041
-0.0842
-0.0562
0.2249
0.0
-0.3366
0.1595
-0.0468
0.0375
-0.0375
-0.1218
0.1971
0.0187
-0.1124
-0.0844
0.0469
-0.0094
-0.0375
-0.0938
-0.3005
0.0283
-0.1224
0.3111
-0.2444
-0.0942
0.0
-0.0377
0.0943
0.0283
-0.0848
0.066
0.0094
-0.1885
0.1227
-0.0094
-0.0189
0.1509
-0.1413
0.0
-0.066
0.0094
0.0661
0.1132
-0.0471
-0.0283
-0.0094
-0.0566
0.0283
-0.0189
-0.0189
0.1415
-0.3297
-0.0567
0.0851
0.1323
0.0283
-0.0849
-0.0283
0.0378
-0.0755
0.0756
0.0283
0.0283
0.0566
-0.0754
0.0189
0.0472
0.0
-0.0566
0.0094
-0.0283
0.0566
-0.0094
0.0094
-0.0472
0.2265
0.5273
0.0
0.0094
0.0
-0.0656
-0.1312
-0.0282
0.0188
0.0939
0.0188
0.075
0.0843
0.0
0.0374
-0.1216
0.0094
-0.0375
0.0094
-0.1031
0.0844
-0.0375
0.0094
-0.0187
0.0281
-0.0281
0.0188
-0.0281
-0.3
-0.0282
-0.4139
0.0
0.1417
-0.0566
-0.0661
-0.0283
0.2645
0.0377
0.0565
-0.2071
-0.1509
0.0472
-0.0944
-0.1512
0.0379
-0.0095
0.1798
-0.0945
-0.1513
-0.0852
0.1611
0.0473
-0.0851
-0.0947
0.0474
-0.1799
-0.1139
0.1615
0.0948
0.0189
0.1137
-0.0378
-0.2366
0.0
0.0474
0.0853
0.3222
0.0283
-0.2738
0.2462
-0.0094
-0.085
-0.104
-0.1798
0.0379
-0.0663
-0.0379
0.0379
0.1517
0.0379
0.0663
-0.0568
-0.0095
0.1609
0.0756
-0.2077
-0.0473
0.0663
0.3122
0.0755
0.0094
-0.0754
-0.0754
0.0378
0.0189
-0.0377
-0.1132
-0.0189
-0.0945
-0.0946
-0.0379
-0.0758
0.0758
-0.0758
0.1895
0.0946
0.1512
0.0566
0.0189
0.1226
-0.0377
0.2544
0.1222
-0.0375
0.0282
0.1032
-0.0281
-0.197
0.0658
0.1127
0.1032
0.1312
-0.2153
0.1407
-0.0375
-0.0281
0.0281
-0.1312
0.1501
-0.1499
0.1313
0.0094
-0.0094
-0.1031
-0.0281
0.0938
-0.0375
0.0188
0.0375
-0.0843
-0.0094
0.075
-0.0094
0.0094
-0.1218
-0.1126
-0.0752
0.0282
0.0846
0.2066
0.0937
0.0094
-0.0749
0.1124
-0.234
0.197
0.0187
0.1779
0.1308
-0.0093
0.0
0.1587
0.205
-0.3441
0.1213
0.3821
0.0371
-0.0093
0.1485
0.1483
0.1296
-0.1386
-0.0833
-0.3149
-0.1394
0.214
-0.0093
-0.0836
0.0651
-0.1393
0.0651
0.0929
-0.0743
-0.2881
-0.0839
0.1586
-0.0279
0.0373
0.0745
-0.214
-0.0839
0.0373
-0.0187
-0.0373
-0.028
-0.1027
0.1589
0.0467
0.056
-0.028
-0.0839
0.0747
0.0466
-0.0746
0.056
0.028
0.0093
0.0
-0.0186
0.0559
-0.0186
-0.0186
0.0746
-0.0745
-0.0652
0.0466
0.3822
-0.0836
0.0
-0.2788
0.1771
0.1954
0.2228
0.0278
-0.2779
0.0186
0.2229
0.0
0.0556
-0.0556
-0.1019
-0.0556
-0.065
0.0836
0.0649
-0.1947
-0.0186
0.0279
0.0
-0.0093
-0.0372
-0.0836
-0.0372
0.0651
0.0465
-0.0372
-0.186
-0.149
-0.1586
-0.1402
0.131
0.0093
0.0841
-0.056
0.1681
-0.0373
-0.084
-0.084
0.0
-0.1869
0.0374
-0.0187
-0.5336
0.0094
0.0
-0.16
-0.066
-0.0377
0.0377
0.0566
0.3582
-0.3475
0.9991
0.1586
0.4752
-0.0185
-0.0927
-0.1857
-0.0558
0.0279
0.0651
-0.093
0.0279
0.1861
0.0464
0.1021
-0.0834
-0.0835
0.1486
-0.102
0.3156
-0.0833
0.1482
-0.2774
0.0556
0.0278
0.0741
-0.0185
0.1852
-0.0832
-0.0093
0.0648
0.0
0.074
0.0277
-0.0647
-0.0739
0.0092
-0.0185
-0.0833
-0.287
0.0371
-0.0743
-0.13
0.0651
0.0465
-0.1765
-0.1024
0.1118
0.0372
0.0465
-0.2325
-0.0746
0.0839
0.2609
-0.0186
0.1766
-0.1021
0.2322
-0.0927
0.102
0.0649
-0.0648
-0.0371
-0.1483
0.1207
-0.1113
0.0186
-0.0093
-0.2878
0.0838
-0.0558
-0.1396
0.3355
-0.065
0.0186
-0.1022
0.1116
-0.1208
0.0837
0.0
-0.093
-0.0279
-0.0279
0.0465
0.0465
-0.0558
0.0931
-0.093
-0.0931
-0.0652
-0.0559
0.0
0.0093
0.0839
0.0932
-0.0279
-0.1024
0.0652
0.0373
0.0093
0.149
0.1209
0.0557
-0.0464
0.0093
-0.0743
-0.0557
-0.3439
0.2145
0.1117
-0.3719
-0.0653
0.1587
0.0
0.1305
-0.0186
0.0093
0.1304
-0.1302
0.0931
-0.0651
-0.0652
0.0932
0.0186
-0.1117
0.0093
0.0279
0.0279
-0.0745
0.1025
-0.1861
0.0746
0.0373
0.0466
-0.0093
-0.0466
0.0466
-0.0745
0.028
0.0186
-0.0466
-0.028
-0.0186
-0.2237
-0.0093
-0.0841
0.2151
-0.1866
-0.1215
0.1498
-0.1215
-0.131
0.075
0.1123
-0.0935
-0.0374
-0.1873
0.0094
0.0469
0.0188
0.0375
-0.0562
0.2438
0.0094
0.0655
0.1682
-0.084
-0.0654
0.1776
0.1026
-0.0746
0.0839
0.1677
0.1302
0.0
0.1208
0.2876
-0.1203
0.0556
-0.0093
-0.0278
0.0278
0.0741
-0.0093
0.074
0.0462
0.1386
0.12
-0.0092
-0.0461
0.1199
-0.0092
0.1843
-0.046
0.2024
-0.0184
-0.1561
0.0828
-0.0276
0.0092
-0.0184
-0.0092
0.0828
0.0184
-0.0551
0.3125
0.0183
0.2565
-0.201
0.0458
-0.0458
0.0458
-0.0458
0.0641
-0.0457
-0.0183
0.0549
0.0823
0.2651
0.2644
0.4183
-0.0725
-0.0816
-0.0272
0.1724
0.1087
-0.2714
-0.3447
0.0364
-0.0546
-0.3642
0.0091
-0.201
0.1465
-0.1006
-0.0183
0.2563
-0.2556
-0.0183
0.119
-0.1097
0.0092
0.119
-0.1463
-0.0641
0.0458
-0.0641
0.1191
-0.0092
-0.0915
-0.0092
-0.0275
0.0
-0.3666
0.138
0.0459
0.0184
0.0551
-0.0092
0.1101
-0.0733
-0.0367
-0.0734
0.0184
0.0459
-0.0092
0.0
-0.0734
0.0184
0.0
0.2755
-2.4542
-0.1127
0.2538
0.2625
0.0
0.0374
-0.0187
0.0374
0.0467
-0.028
-0.1962
0.0468
0.0936
0.3646
-0.0093
0.0373
-0.0093
0.1676
-0.0837
0.0465
-0.0837
-0.1303
0.0652
-0.0279
-0.0373
0.0
-0.0559
-0.028
-0.0187
-0.0653
-0.0187
0.0467
0.0467
-0.028
-0.0933
0.0374
-0.0467
-0.1681
0.0749
0.0
0.0655
0.1215
-0.1773
0.0467
0.1121
-0.1494
-0.1028
0.0
-0.0094
0.0187
0.0094
-0.0561
0.2153
0.0934
0.0
0.2613
0.1024
0.0372
-0.0093
0.0
0.0651
0.0186
-0.0372
0.065
0.0093
0.065
-0.1299
0.0465
-0.1764
-0.0744
0.1583
-0.0465
-0.1209
0.0838
0.0093
0.0372
-0.0372
-0.0558
-0.0279
0.0
0.0838
-0.0093
-0.0465
0.0279
0.0093
-0.0372
0.0186
-0.0186
0.0465
-0.1302
0.0932
0.0372
-0.0279
0.0186
-0.0186
-0.121
-0.0652
-0.0466
0.0653
0.1398
-0.1024
0.028
-0.0279
0.0466
0.0373
-0.0093
0.0279
0.0465
0.0
-0.1023
0.0652
-0.0931
-0.2329
-0.0374
-0.1495
0.0187
0.0842
0.0
-0.0093
0.0
-0.1495
-0.0468
0.1124
-0.0561
-0.0374
-0.0749
-0.1124
-0.0188
-0.1314
-0.0658
0.1034
-0.047
0.0
0.0846
0.0469
0.0657
0.0938
0.0281
-0.0843
-0.0562
-0.0375
0.0751
0.2156
-0.0748
0.0843
0.0374
0.2805
-0.0746
0.0747
0.0653
0.0
0.0373
-0.149
0.0093
0.1493
-0.1025
0.1305
0.0
-0.0466
0.0093
-0.1118
0.0653
0.0652
-0.4191
0.1216
-0.028
-0.0561
-0.0374
-0.0842
-0.1779
-0.075
-0.4223
0.1037
-0.1036
-0.1508
0.1888
-0.0094
0.0377
0.0
-0.0942
0.0094
-0.0566
0.0377
0.1226
0.0377
-0.0282
-0.0094
-0.1601
-0.0849
-0.1793
0.0
0.0095
0.0378
-0.1607
0.0663
0.0473
-0.3688
0.1234
-0.019
-0.1612
0.114
-0.1423
0.095
-0.1139
0.133
-0.0569
-0.076
-0.0855
0.0
-0.019
-0.038
0.1237
-0.1235
0.0095
0.0856
0.1901
-0.0759
-0.5507
0.0668
-0.1908
-0.3346
0.2877
0.153
-0.0191
0.4202
0.4375
-0.1042
-0.2844
-0.2187
0.2668
-0.209
-0.0286
-0.1429
0.0382
0.2479
-0.1522
-0.0381
-0.1239
-0.0572
-0.0095
-0.0764
-0.0478
-0.0191
0.0287
0.0382
0.1433
-0.1145
0.1051
-0.0286
0.0095
-0.0573
-0.0191
0.0382
0.0286
-0.0573
0.0287
0.1528
0.1716
0.2189
-0.057
0.095
-0.0095
-0.1234
0.038
-0.057
0.019
0.0475
0.057
0.0095
-0.0665
-0.171
-0.4092
-0.2484
-0.2586
-0.2593
-0.2407
-0.222
0.3676
-0.0289
-0.1928
0.2608
0.0
-0.0096
0.0771
0.0096
-0.2503
-0.0772
-0.0676
0.0483
0.0773
0.0193
-0.0965
0.0097
0.0386
-0.029
-0.3381
-0.0097
-0.0291
-0.0679
0.0
0.262
-0.0677
-0.0484
-0.0775
-0.0388
0.0291
0.0582
0.1163
0.213
0.2318
0.0482
-0.0482
-0.1446
-0.1062
-0.0193
-0.1449
0.0387
0.1741
0.2317
0.1445
0.0481
-0.0962
-0.3754
0.058
-0.029
-0.0869
0.1643
-0.3185
-0.029
0.0194
-0.0678
-0.3004
-0.2332
0.1364
0.2043
0.1262
0.0776
0.1744
-0.1257
-0.0678
-0.0678
0.1745
-0.0387
-0.0484
-0.155
-0.1455
-0.0097
-0.0777
0.0195
-0.107
-0.0389
0.0097
0.0779
-0.1168
0.1169
-0.0973
0.0097
-0.039
0.0779
-0.0876
0.0195
0.0487
-0.0389
0.0487
0.0584
0.0195
0.0195
0.3501
-0.0775
0.097
0.126
0.3097
0.0868
-0.2313
0.1546
-0.1736
0.2029
0.1157
-0.0096
-0.0771
-0.0289
0.2025
-0.0674
0.1252
0.2212
0.2783
0.0287
-0.0478
-0.0191
0.0574
0.0
-0.0478
-0.067
0.0479
-0.1245
-0.2876
0.0865
-0.0288
-0.0769
0.0866
-0.0865
0.0289
0.0096
-0.0865
0.0192
0.0
0.0
0.2309
0.0
-0.1152
-0.0288
0.0481
0.0384
0.0
-0.0192
0.0
0.048
0.0
0.0384
-0.1727
-0.0577
0.125
-0.0576
-0.0673
0.0673
-0.2019
-0.106
0.0289
0.0096
0.0193
0.1349
0.2021
-0.1633
0.0866
-0.2884
-0.0868
0.1351
-0.1445
-0.0193
-0.1158
-0.087
0.2127
0.1254
-0.1638
-0.0483
-0.0193
0.2222
-0.1928
0.0966
-0.0193
0.0482
-0.0579
0.1834
0.0096
0.0771
0.0192
0.0096
-0.0192
0.0096
0.0289
0.0289
0.0192
-0.0577
0.1732
0.0
0.048
0.0768
0.1918
-0.2298
-0.0192
-0.048
-0.0576
0.048
0.1633
-0.2013
-0.1537
-0.0289
-0.0096
-0.0578
-0.0289
-0.0193
-0.1349
0.0193
0.0193
-0.164
-0.1836
0.3678
0.4147
0.1729
-0.2493
0.1826
-0.1535
0.0769
-0.0384
-0.0288
0.0961
0.0096
-0.0288
0.1152
0.0096
0.1342
0.1915
-0.1433
0.1148
-0.0382
-0.0956
0.0574
0.0574
0.0191
-0.0765
-0.1531
0.0671
-0.0766
0.0287
0.0096
-0.0192
-0.0958
0.0384
0.0671
-0.0766
-0.0863
0.1439
-0.0575
0.0
-0.0863
0.0672
-0.0767
0.0096
-0.0096
-0.1056
0.0288
-0.0288
0.0865
-0.0672
0.1056
0.0288
-0.0959
0.0288
-0.0672
-0.1056
0.2884
0.278
0.1243
-0.1146
-0.086
-0.0478
-0.1149
-0.0767
-0.0192
0.1151
0.0383
0.1149
-0.0957
-0.067
0.0958
-0.0574
-0.0192
-0.0766
-0.0384
0.1918
0.0383
0.0096
-0.0191
0.0766
0.0
-0.0478
-0.0861
0.0479
-0.134
0.0767
0.0383
-0.1244
0.1534
0.0287
-0.0478
-0.1532
-0.0096
-0.2397
0.1057
0.0192
-0.0192
0.1248
-0.0959
-0.048
-0.0288
-0.1249
-0.0481
-0.1732
-0.1542
0.0
0.0193
-0.0483
-0.0386
-0.2029
0.1839
0.4348
0.1828
-0.1248
0.0481
0.0577
-0.2689
-0.2311
0.0483
0.0482
-0.0964
0.1737
-0.0675
0.0771
0.2409
-0.0769
-0.0096
0.0
0.0577
-0.0385
-0.0962
0.0096
-0.0193
0.0096
0.0096
0.1733
-0.0192
0.0769
-0.0576
0.0192
0.0769
0.0
-0.0672
-0.048
0.0577
-0.0192
0.0384
-0.0672
-0.0961
-0.1251
-0.0482
-0.0385
-0.0096
0.0096
0.106
0.0482
0.1348
-0.0481
0.0769
-0.0096
-0.0769
-0.0192
-0.1732
0.2698
0.0384
-0.2882
0.0289
-0.1156
-0.0289
0.1736
-0.0867
0.1831
-0.0192
0.0385
-0.1539
-0.1445
0.0193
-0.0096
-0.0289
-0.2702
-0.0871
0.1356
-0.029
0.0193
-0.0097
0.029
-0.0193
-0.1644
0.0194
0.0775
0.1065
0.087
-0.0097
-0.0483
-0.0193
-0.0193
0.0097
-0.0193
0.058
0.0193
-0.2319
0.1065
0.0193
-0.0387
-0.0774
-0.213
0.0485
-0.1261
-0.1263
-0.107
-0.0389
0.0
0.0195
0.0584
0.0292
0.0
-0.2335
0.1268
0.2435
-0.4371
-0.0683
0.1465
-0.1365
-0.0586
0.0293
-0.1953
-0.0294
0.0881
-0.1369
-0.0881
-0.196
0.1277
0.0392
0.1176
0.1958
-0.0098
0.0098
0.0098
-0.0684
0.0293
-0.0196
-0.0782
0.0783
-0.0293
-0.1076
-0.0196
0.1077
0.0098
-0.1565
0.0686
-0.0783
-0.1764
-0.0196
-0.0098
-0.0196
0.0196
-0.1375
-0.1082
-0.2461
0.0197
-0.0099
0.1875
-0.1773
-0.0099
0.0888
0.0493
0.0099
0.0493
0.0591
-0.0295
0.0689
0.2656
-0.0491
-0.0491
0.5696
0.0488
-0.1366
0.1564
0.0195
-0.878
-0.128
-0.1675
0.2863
0.187
-0.2555
0.1872
0.0885
0.1572
-0.0294
0.0
0.0
-0.0589
-0.0098
0.0
-0.0098
0.1178
0.1863
0.372
-0.1268
0.0488
0.2538
0.1168
-0.0778
-0.0681
0.0292
-0.0681
0.0585
0.0876
0.0292
-0.1167
0.0487
0.0292
0.0097
-0.1946
-0.0585
-0.4291
0.2351
0.0586
-0.0879
-0.0098
-0.0391
-0.3814
-0.1865
-0.059
0.3051
-0.4219
0.0197
0.5516
-0.1078
-0.3432
0.0098
-0.0295
0.0295
0.0098
0.2361
-0.0687
0.0393
-0.0982
0.0688
-0.0491
-0.0197
-0.0197
0.0295
-0.0393
0.0098
-0.1278
0.0787
-0.0098
-0.0197
-0.0689
0.0788
-0.0393
-0.0295
0.1378
0.0098
-0.0197
-0.0393
0.0
-0.0098
-0.0098
-0.059
0.0787
0.0492
0.3342
0.0588
0.1371
-0.2249
-0.2352
-0.0688
-0.1573
0.0
0.0591
-0.0689
0.0985
-0.0393
0.0787
0.118
-0.1277
0.118
0.0786
-0.1767
0.0
-0.1278
-0.1969
0.1578
0.0886
-0.0197
0.0197
0.0
-0.1574
-0.0394
0.0789
0.2069
0.059
-0.0295
-0.0098
0.0197
0.2162
-0.0686
0.0098
-0.1374
0.0983
0.1276
0.0196
-0.0196
-0.0098
-0.0882
0.1178
0.0
0.0588
-0.0882
-0.0392
0.0294
-0.0196
-0.0883
0.0491
-0.0196
0.0491
0.0687
-0.098
-0.1079
-0.1866
-0.0295
0.128
-0.118
-0.0098
0.0
0.1083
0.0393
0.2359
-0.0294
0.0196
-0.0098
0.1275
0.1175
-0.0391
0.2447
0.3026
0.0973
-0.0972
-0.1947
0.0488
0.1072
-0.0876
0.0195
-0.0097
0.0097
0.039
0.1266
-0.0097
-0.0195
-0.146
0.0292
0.1266
0.0292
0.0875
-0.0389
0.0389
0.243
0.0388
0.0581
0.0484
0.0387
-0.0871
0.5617
0.4334
0.1534
0.0287
0.0574
0.1244
0.1433
0.105
0.0286
0.0476
-0.1429
0.0954
0.0286
0.0953
-0.1523
0.0191
0.0381
-0.0095
0.2191
-0.057
-0.2283
0.1907
-0.2664
-0.2767
-0.4018
0.4707
-0.1338
0.134
0.1912
-0.2004
-0.1721
-0.2011
0.144
-0.1533
0.2208
-0.2107
-0.096
0.0384
-0.0096
0.096
0.1247
0.0767
0.3255
0.0382
0.3625
0.0475
0.038
-0.038
0.0
0.1805
-0.0095
-0.2656
-0.0095
-0.2663
-0.0954
0.0286
0.1145
-0.2764
0.0191
0.2007
-0.0286
-0.0572
0.0955
-0.0191
-0.0477
0.1622
-0.2096
0.0191
0.0191
0.0
-0.2481
-0.0574
0.0
-0.134
-0.1246
-0.2208
0.077
0.3556
-0.9961
-0.2902
-0.2134
0.107
0.2428
-0.1841
0.1456
0.2908
-0.203
0.0097
0.1549
-0.2224
0.0194
0.1066
0.0387
0.0484
-0.1257
0.0387
0.0
0.1452
-0.029
0.0677
0.0
0.3478
0.799
0.0096
-0.0859
-0.1625
0.1436
-0.0287
-0.0382
-0.3731
0.0288
-0.0192
-0.048
0.1249
-0.1439
-0.1441
0.0289
-0.0481
-0.0674
-0.1444
-0.0386
-0.1158
-0.1449
-0.2902
-0.1261
-0.1457
-0.0292
-0.1168
-0.0487
0.078
-0.4674
0.3816
0.0
0.3704
-0.1942
-0.214
-0.0683
-0.1951
0.0978
-0.4688
-0.0294
-0.108
0.0688
0.0786
-0.2551
-0.0787
0.0591
-0.0197
0.2854
-0.0294
0.2356
0.1665
-0.1564
-0.1175
0.2451
0.0489
-0.1075
0.1272
-0.0586
-0.0293
-0.0782
0.0783
-0.0293
0.2055
-0.0683
0.0195
0.0
-0.0195
0.0489
0.1758
-0.1365
-0.0293
0.0488
-0.0781
0.0781
0.0195
0.0293
0.0488
-0.0488
-0.039
0.1171
0.078
0.1364
-0.0681
0.4964
-0.4552
-0.0778
0.1558
0.2139
0.2619
0.0484
-0.2418
0.4363
-0.1158
0.1063
0.0
-0.029
0.0097
-0.029
0.0097
0.0193
-0.0193
0.0579
0.0869
-0.0675
0.0386
-0.0193
-0.0868
-0.0193
-0.0966
-0.1353
-0.0968
0.0872
-0.0194
0.184
-0.1063
-0.1355
0.0484
0.0291
0.0387
0.0581
-0.0193
0.0871
0.116
0.0
0.0193
-0.0386
-0.0386
0.1835
0.2893
-0.423
0.1931
0.1446
0.1155
0.1922
0.1439
-0.1724
0.3934
0.0669
0.0
-0.0096
-0.0191
-0.2389
-0.2586
0.0288
0.1728
0.2683
0.5448
-0.4468
-0.1432
-0.0191
0.0383
0.1721
-0.1909
0.0096
0.0096
0.0574
-0.086
-0.0765
-0.0957
-0.1245
-0.0192
0.1055
0.0383
-0.1341
-0.1439
0.2113
-0.0096
0.0288
-0.0575
-0.1151
-0.192
0.2501
-0.0768
-0.0576
-0.048
-0.3653
-0.164
-0.0773
0.3868
0.3179
-0.3073
-0.1252
0.3086
0.1731
-0.192
0.3078
-0.1438
-0.0768
0.1153
-0.0288
0.0384
0.0672
-0.0671
0.5086
0.2865
-0.0095
0.0857
0.0
0.1237
0.0475
-0.0285
0.285
0.0
-0.1326
0.019
-0.0474
-0.0569
-0.0095
0.0
0.2469
0.0284
-0.0852
0.1801
-0.0378
-0.0284
0.0
-0.0663
0.0284
-0.0568
0.0
0.019
0.1137
0.0662
-0.0662
0.1041
0.0284
-0.189
-0.0947
0.1611
-0.0757
0.0568
-0.0568
0.1042
0.0851
0.0662
-0.1039
0.0378
0.0756
0.0
-0.1039
-0.0756
-0.0662
-0.1609
0.1043
-0.0379
0.1706
-0.3311
0.1329
-0.2749
0.2376
-0.2086
0.0
0.057
-0.0095
-0.076
-0.0855
-0.0095
0.0951
0.0
-0.0095
0.0285
-0.038
-0.1711
0.0
0.0095
-0.0571
0.0191
0.0572
0.0
-0.0095
0.0286
0.0381
-0.1237
-0.2286
-0.0668
0.1147
-0.1622
0.0096
0.0956
0.105
0.0
0.0859
-0.0572
-0.1717
0.0287
0.277
0.0476
0.0857
-0.1807
-0.0191
0.0667
0.181
0.0095
0.1616
0.0569
-0.0948
0.2089
-0.0284
-0.1895
0.2184
0.18
0.6147
-0.282
0.3111
-0.0564
-0.1786
0.0283
0.0659
-0.1223
-0.0188
-0.0188
0.0283
-0.1131
0.0943
0.0471
-0.1601
0.2076
0.0753
0.0094
-0.0376
-0.0471
-0.1883
-0.0943
-0.0661
0.0661
0.0094
0.2644
0.0659
0.0753
-0.0282
0.1035
0.0282
0.0564
0.0
0.0094
0.0
0.0188
-0.0845
0.0
0.0
0.0094
0.0376
0.0282
0.0563
-0.0375
-0.0938
0.2442
-0.0937
0.0938
-0.0937
0.1688
-0.1685
-0.1594
0.0094
-0.0564
0.1786
-0.2721
-0.2164
-0.2263
-0.2362
0.1042
-0.0473
0.1136
0.0756
0.1323
0.0283
0.1038
-0.066
-0.0377
-0.0377
-0.0661
-0.0378
0.0756
-0.1322
0.0567
-0.0756
-0.104
0.0
0.0095
0.0189
0.0284
0.0946
-0.0378
-0.0284
-0.0095
0.0189
0.0284
0.0945
0.0
-0.0944
0.0
0.0662
0.1039
0.0094
-0.0943
0.0944
0.3585
-0.2726
-0.0471
0.0472
0.2922
-0.282
-0.0754
0.0849
-0.0848
0.0
-0.2358
-0.0946
-0.1325
-0.199
-0.0095
0.1045
0.0095
0.1897
-0.3408
0.095
-0.0569
0.076
0.038
-0.0285
-0.1708
-0.076
0.0856
-0.095
-0.2473
0.0381
0.0095
-0.1906
-0.0764
-0.2103
-0.2203
0.0
-0.1728
-0.1442
0.0096
-0.1829
0.0386
-0.0771
0.0772
0.0193
-0.0578
0.0675
0.1157
0.0674
0.0481
-0.2116
-0.0578
-0.0579
-0.0482
0.2993
-0.3561
0.1835
0.0289
-0.2506
-0.3189
-0.475
-0.2143
-0.1464
-0.1369
0.1077
0.2445
-0.3121
-0.0685
0.1665
-0.2737
-0.3823
0.2362
-0.3043
0.1969
0.0983
-0.1276
0.3637
-0.2938
0.167
-0.1471
0.0196
-0.1866
0.0098
-0.0098
-0.2656
-0.1677
0.1482
0.0
0.0789
-0.345
-0.1682
0.1685
0.0297
0.1286
-0.2765
0.2476
0.4643
0.1672
-0.1178
-0.2162
0.1675
-0.059
-0.2362
-0.1874
0.1383
0.0
-0.1085
-0.0099
-0.3754
0.1785
-0.1089
-0.1189
0.0496
-0.119
-0.0099
-0.0199
0.0099
-0.0099
-0.0795
0.0398
-0.0199
-0.159
0.4877
0.4853
-0.0591
0.1282
0.2758
-0.0295
0.2457
0.2745
0.1662
-0.2928
-0.1468
-0.3627
-0.5312
-0.2275
-0.119
-0.0298
-0.0298
-0.0993
-0.0497
0.0298
0.0398
0.2186
-0.1587
0.0397
-0.0298
-0.0298
-0.0397
-0.3081
-0.0997
0.2096
-0.478
0.02
0.02
0.08
-0.0899
0.03
0.05
-0.1399
-0.02
-0.0701
0.581
-0.0996
0.0798
0.0199
-0.0299
-0.1594
-0.0898
-0.04
-0.0899
0.01
0.02
0.19
-0.0798
-0.1298
0.6
0.1292
-0.1886
-0.1591
-0.1494
0.0
0.2594
-0.0896
0.0996
-0.3184
0.1497
-0.0997
-0.0399
0.02
-0.1397
0.03
-0.05
-0.03
0.04
0.0899
-0.1198
0.0
0.04
0.1399
0.0
0.1098
0.0
0.1396
0.1593
0.0497
0.0099
-0.0397
-0.0497
-0.0298
0.0895
0.0
0.0497
0.1192
0.0298
0.0694
0.0
-0.1585
0.0
3.4835
0.1055
0.9101
0.1234
0.0095
-0.4741
-0.5335
0.0958
0.3158
-0.0668
0.0286
0.3817
-0.903
0.0192
0.4603
-0.0955
-0.0573
0.0191
0.0
-0.1625
0.0096
0.3159
-0.1432
-0.0287
-0.0669
0.067
0.0478
0.0764
0.0859
-0.0859
0.2578
0.181
-0.0285
0.1141
-0.019
0.0285
-0.133
-0.0095
0.038
-0.1046
0.1618
0.1045
0.1898
0.0189
-0.0284
0.1895
0.1608
0.0378
-0.1793
-0.0662
0.0757
-0.0851
-0.1514
-0.1232
0.2277
-0.0473
0.0474
0.1515
0.1607
0.3114
-0.0188
-0.047
0.1224
0.0846
0.0846
0.1596
-0.9091
-0.1608
-0.2368
0.1045
0.1423
0.3031
-0.0378
-0.0094
-0.0472
0.0
0.2174
-0.0283
0.1132
0.0471
0.0565
0.113
-0.094
0.1412
-0.3478
0.0377
-0.0754
0.0377
0.1603
-0.1601
-0.4716
-0.0569
0.0379
-0.0284
0.0569
-0.0284
-0.0569
-0.1043
-0.0854
-0.057
0.3233
-0.0663
-0.0474
-0.0095
0.0949
0.1043
0.0663
0.1987
-0.1889
0.0
-0.1136
-0.1516
0.2562
0.1325
-0.0473
-0.1607
-0.0095
-0.0379
0.019
0.18
-0.1891
0.3505
-0.2266
-0.1136
-0.1421
-0.019
-0.0949
0.095
-0.2941
-0.1332
0.0953
-0.0095
0.1619
-0.2091
-0.0572
-0.0953
0.0668
0.0477
0.1144
0.1237
-0.0665
-0.1237
0.0571
-0.0095
0.0381
-0.0095
0.1142
0.2377
-0.0095
-0.1518
0.114
0.1328
-0.0095
0.0948
0.1231
-0.1418
-0.1989
-0.1044
0.0855
-0.0095
0.0095
-0.0095
-0.2468
0.0381
-0.1522
-0.0762
0.286
0.1521
0.2563
-0.0189
-0.0284
0.0474
-0.1231
0.0569
-0.161
-0.6357
-0.3056
0.182
-0.2295
-0.1725
-0.0384
0.1537
-0.1055
0.1152
0.0192
0.0096
0.0096
0.1054
-0.0191
0.0575
0.0574
-0.1052
-0.0096
0.0096
-0.0191
0.0192
-0.0096
0.0287
-0.0191
0.0766
-0.0478
-0.0383
-0.1628
-0.1151
-0.4513
-0.164
-0.2899
0.436
0.4245
-0.1729
-0.2502
0.0965
0.1157
-0.0289
0.1059
0.1828
0.096
0.1727
0.067
0.0096
-0.2105
0.1247
-0.7758
0.1062
-0.1832
-0.0773
0.2224
-0.7042
0.1554
0.7177
-0.0385
-0.2505
-0.1835
-0.029
-0.1161
0.0194
0.0388
0.3486
0.0193
0.0
-0.3667
-0.0097
0.0194
0.3292
-0.1255
-0.2223
0.0969
0.0484
0.0387
-0.116
0.0774
-0.1547
0.1259
-0.0484
0.0387
0.1258
-0.0966
-0.0967
0.0097
-0.0581
0.0775
0.0484
-0.0193
0.0581
-0.0484
-0.0193
-0.0194
-0.0194
0.0097
0.0
-0.1839
-0.0388
-0.0388
-0.0776
-0.573
-0.2833
-0.0294
0.3234
0.0781
-0.1562
0.0
0.176
-1.249
0.2964
-0.2069
0.2666
0.256
0.0098
-0.0687
0.0983
-0.3142
-0.1379
0.0394
0.1282
0.0098
-0.1083
-0.1971
0.2172
-0.0985
0.286
-0.0295
-0.2164
0.1676
-0.0984
0.0887
-0.0492
0.0
0.0492
0.0197
-0.0295
0.0295
-0.059
0.128
-0.059
-0.0492
-0.1083
0.0197
-0.0591
-0.138
0.0197
-0.1974
0.089
-0.0198
-0.168
-0.0693
-0.109
0.1785
-0.0495
0.1288
0.0198
0.0297
-0.1879
-0.1585
0.5358
0.4047
0.1769
-0.4416
0.1281
0.3248
-0.4611
-0.3154
0.1681
0.0592
0.1579
0.1182
-0.0295
0.1771
0.0982
-0.0687
-0.0295
0.0295
0.1277
0.0
0.0981
-0.0784
0.0883
-0.049
0.0392
0.1764
-0.0783
1.1845
0.7643
-0.24
-0.1636
0.2314
-0.4136
-0.1062
0.3094
0.2506
0.3942
-0.0862
0.3642
-0.2006
-0.0478
0.0287
-0.0191
0.0957
-0.0191
-0.3635
-0.192
0.0673
0.2019
0.0384
0.0
-0.1055
-0.0096
-0.1632
-0.0481
-0.0385
0.4716
-0.1437
0.2974
-0.1817
-0.0096
0.0862
0.0766
0.1531
0.2866
0.1524
-0.1332
-0.2286
0.0
0.2959
0.5425
-0.0663
0.3126
0.0567
-0.1888
0.104
0.0189
0.1228
0.0
0.0472
0.0283
0.0094
-0.1696
0.0189
-0.0283
0.0661
0.0849
0.1791
0.2352
-0.0845
0.1973
0.2344
0.0936
-0.1028
0.4585
-0.0652
0.1212
-0.9308
0.3007
-0.0937
-0.4219
0.3107
-0.0845
0.2443
-0.1125
-0.1126
-0.0188
0.0282
0.1878
0.4219
0.0
0.4948
-0.3623
-0.028
-0.2238
0.3365
-0.0373
-0.1864
0.2054
-0.0466
0.0373
-0.0186
0.0373
0.5031
-0.1947
-0.1765
0.0
0.0186
0.0372
0.093
-0.1394
-0.0372
-0.0093
-0.0186
0.1396
-0.1673
-0.0279
-0.1956
-0.1773
0.0093
0.2805
0.1305
0.0466
-0.0838
-0.0373
0.0
0.0093
0.0373
-0.1118
-0.1585
-0.0934
0.1776
-0.112
-0.1121
-0.2618
0.075
0.2061
0.215
-0.0746
0.0934
0.0466
0.1305
-0.0093
0.1862
-0.251
0.0839
-0.0186
0.6705
0.0925
-0.0092
0.268
-0.5162
0.0927
0.037
-0.0925
0.1204
-0.074
-0.0833
0.0927
0.0463
0.6107
0.092
0.0
0.4318
-0.0732
-0.0366
0.0092
-0.0092
0.0458
-0.0458
0.1923
-0.0366
0.2377
0.2463
0.1729
-0.1453
-0.2183
-0.0638
0.1733
0.0364
-0.091
-0.1822
0.1095
-0.1094
0.0091
0.0639
0.2007
-0.1548
0.1094
0.0
0.0273
0.0
-0.0546
-0.1276
0.0365
0.073
-0.1367
-0.0821
-0.4201
-0.266
0.1287
0.101
0.0183
-0.1009
-0.4958
0.0369
-0.286
-0.0278
0.0278
0.0185
-0.0647
-0.0185
-0.0278
-0.1296
-0.0093
-0.0093
-0.1762
-0.0093
0.1579
0.0186
0.1113
0.2779
-0.0831
-0.037
0.111
0.037
0.0831
-0.083
-0.0092
-0.1108
-0.0277
0.148
-0.1201
0.0832
-0.037
-0.0739
0.0647
-0.0185
0.0092
0.0555
0.194
-0.0645
0.0092
-0.1384
-0.0739
0.037
0.1201
0.0462
0.0
0.2584
0.0092
-0.2669
0.286
-0.0736
0.1289
-0.0368
-0.0092
0.0
-0.0644
0.0368
-0.0368
-0.0092
0.2946
-0.2019
0.0368
-0.1103
0.1657
-0.0184
-0.0092
-0.0092
0.0184
0.0276
0.0
0.0827
-0.0826
-0.0276
0.0735
-0.0459
0.0
0.0184
-0.0184
-0.0276
-0.0092
0.0184
0.0
0.046
-0.0092
0.0
-0.0459
0.0184
0.0
0.0184
0.0919
0.1285
-0.0825
0.2844
-0.1555
-0.0825
-0.2201
0.0
0.0276
0.2573
-0.2291
0.0827
0.0459
0.0
0.1835
0.4762
-0.0456
0.2097
-0.3731
0.2831
0.0455
-0.1274
-0.0547
-0.0091
-0.0547
0.2281
0.1366
0.7274
-0.1264
0.0362
0.0542
0.1535
0.0451
-0.0991
0.0812
-0.1262
0.0361
-0.0361
-0.0451
-0.2528
-0.4255
0.3636
-0.0906
-0.0453
-0.1451
-0.1908
-0.1183
0.0547
-0.0455
0.1093
-0.0364
-0.0546
0.0364
0.0182
0.0
0.1001
0.0273
0.0364
0.2091
-0.1361
-0.218
-0.0546
0.0455
-0.1092
-0.164
0.2373
0.3005
0.3178
0.0181
-0.8054
0.0274
0.0182
-0.2006
-0.1005
0.1097
0.1096
0.0274
-0.0091
0.2099
0.0637
0.1911
0.0545
0.1089
0.2448
0.2985
-0.2074
0.0181
-0.253
0.0906
0.0452
-0.2623
0.1633
-0.2354
0.3086
-0.1357
0.0725
0.0815
-0.0452
-0.1991
0.0
-0.0453
-0.2359
-0.3365
0.146
-0.0638
-0.1094
-0.0183
0.0548
0.3193
0.2819
0.1088
0.0091
0.0544
0.0362
-0.0634
0.0091
0.1177
-0.0452
-0.0181
0.0453
0.0362
-0.0452
0.19
-0.5147
0.0908
-0.3809
0.2003
0.0999
-0.0091
-0.3177
0.0091
-0.0819
0.328
-0.1726
0.0546
-0.1091
-0.0546
0.0364
-0.0364
0.0091
-0.0273
0.0
0.0638
0.2094
-0.2635
0.0547
-0.0273
0.0
-0.0455
0.0729
-0.0637
0.0455
0.1912
-0.0636
-0.2092
-0.1276
0.0547
-0.0912
0.1461
0.1003
0.0364
0.0364
-0.1274
0.164
0.1092
0.0182
-0.0363
-0.0818
0.0091
0.0909
-0.1726
-0.1365
-0.2187
0.1735
-0.1185
0.4199
0.0091
-0.4636
-0.1735
-0.247
0.0275
-0.0458
-0.266
0.0368
0.0092
0.1103
-0.1102
-0.0276
0.0736
-0.0092
0.0551
-0.0459
0.0276
0.0184
0.0276
-0.0092
-0.0092
-0.0184
0.0
0.0184
0.0643
0.0
0.257
-0.1007
0.1283
-0.1464
0.165
-0.0274
-0.1098
-0.0367
-0.0367
0.11
-0.1557
0.3394
-0.1828
-0.1465
-0.0917
0.2203
0.0458
-0.0458
0.0916
-0.0549
-0.0366
0.0366
-0.0824
0.0183
-0.0275
-0.1375
0.1744
0.3482
0.0457
-0.5202
-0.0459
0.0642
0.6788
-0.1549
-0.0456
0.639
-0.0544
0.0454
0.0816
0.2357
0.1176
-0.1174
-0.0543
-0.0181
0.0
-0.0452
-0.0272
0.0634
0.0272
-0.181
-0.0816
-0.0363
0.1361
0.0725
0.0272
0.0815
-0.0814
0.1358
0.0
-0.0814
0.0452
-0.0452
0.0452
0.0362
0.0452
-0.1717
0.0272
-0.0091
-0.0815
0.2174
0.0271
-0.1084
0.009
0.0543
-0.0542
-0.0271
0.0452
-0.1266
0.0634
0.0362
0.1447
0.0903
-0.2708
-0.2443
0.3266
-0.2713
-0.1088
-0.0363
-0.3995
0.1459
0.1183
-0.0091
-0.0364
-0.1183
0.255
-0.0727
-0.1636
0.1093
-0.1273
0.0638
0.091
-0.0637
-0.1365
-0.0456
0.0182
-0.0182
-0.0091
-0.3373
-0.1829
0.1558
-0.1281
-0.0825
0.0367
-0.3116
-0.5517
-0.0277
-0.1942
0.2502
-0.1017
-0.1203
-0.0556
0.0185
0.1297
0.0278
0.074
0.3143
0.3963
0.0826
-0.2935
-0.0368
-0.1196
0.1566
-0.0276
-0.0184
0.0
-0.0552
-0.4236
-0.1295
-0.0741
0.1019
0.0185
-0.0185
0.0
0.0185
-0.074
-0.1297
-0.1391
-0.13
-0.0186
-0.0837
-0.1117
-0.0839
0.1772
-0.1676
0.0
-0.0093
0.0187
-0.0093
0.028
-0.028
-0.0933
-0.0653
-0.0187
0.0374
0.0841
-0.0653
0.0374
0.1494
0.2237
0.0186
0.0279
-0.0651
-0.2511
-0.0559
-0.1306
-0.1401
0.2245
-0.084
-0.0467
-0.0841
0.0935
0.2336
-0.0466
0.056
-0.0559
-0.028
0.0653
0.1678
-0.1024
0.2237
1.9805
1.1214
-0.577
-0.1542
0.2906
-0.5072
0.1547
0.3817
0.2897
-0.1806
-0.009
-0.1719
0.0453
-0.0362
0.0181
0.154
-0.1266
-0.2264
0.1997
-0.0091
0.0634
0.0272
0.0091
0.1086
0.1266
-0.0181
0.0632
0.0
-0.0361
0.009
0.0812
-0.0812
0.0
-0.0542
0.0452
0.1354
-0.0902
0.0632
-0.0451
0.1534
0.009
-0.0721
0.009
0.009
-0.027
0.009
0.018
0.018
0.009
0.0721
0.027
-0.027
0.036
0.063
0.018
0.009
0.2158
0.0628
0.0628
0.1613
0.0268
-0.0268
-0.0716
-0.0895
-0.1703
0.1167
0.0897
0.0537
-0.0269
-0.0448
-0.0358
0.0717
0.1254
0.0895
-0.0804
-0.2594
-0.0538
0.0
-0.2153
-0.018
-0.2248
0.0721
-0.0631
-0.0991
0.0722
0.0451
0.0
-0.3334
-0.0633
-0.0271
-0.1448
-0.3716
0.0637
0.0
-0.6364
0.0
-0.1647
-0.4765
-0.1381
0.1844
0.2485
-0.101
0.0643
0.349
-0.302
0.1377
0.0275
0.3116
-0.137
0.1647
-0.0822
-0.2834
0.22
0.1647
-0.1826
-0.2104
0.0183
-0.1008
0.1101
-0.1008
0.0275
0.2935
0.1189
-0.0183
-0.0731
0.0914
0.1005
-0.1095
-0.0731
-0.0549
0.0183
0.0915
-0.2284
-0.1649
0.0459
-0.0092
-0.0459
-0.3119
0.0736
-0.1655
-0.0645
0.0461
-0.0092
0.0276
-0.0092
-0.0276
0.0553
0.0645
0.1565
0.0184
0.2756
0.055
-0.0275
-0.0916
0.0
0.0183
-0.0092
0.0092
-0.0092
-0.0458
-0.0459
0.3303
-0.2195
-0.55
0.0829
0.0
-0.0645
0.0369
0.0368
0.0092
-0.046
-0.1013
-0.1291
-0.0092
-0.2585
-0.1944
-0.0371
0.0371
0.269
-0.1203
0.0
0.3519
-0.1292
0.0462
0.0554
-0.1016
-0.1109
0.0093
-0.0463
0.0185
0.074
0.0185
0.1109
0.0
-0.0646
0.231
-0.1936
-0.0185
-0.0185
-0.0739
-0.0925
0.0926
0.1202
-0.0369
-0.1109
0.037
-0.1017
0.0555
0.037
-0.0277
-0.074
0.0093
-0.0185
-0.0926
0.0278
-0.1204
-0.0371
-0.1763
-0.1301
0.1024
0.0465
0.158
-0.0186
-0.0835
0.0557
0.0278
-0.1114
-0.0093
-0.0279
0.0
0.0465
0.0464
-0.0464
-0.0093
-0.0093
0.0093
0.0743
-0.0928
-0.0093
-0.0558
0.0744
-0.0279
0.1673
-0.0557
0.0
0.1114
-0.0556
-0.0464
-0.0278
0.0093
0.0557
0.0
0.0371
0.0649
0.0463
-0.1019
0.102
-0.0834
-0.1205
0.0464
-0.0278
0.1856
0.0
-0.0649
-0.0649
0.0278
0.0278
-0.0371
0.3246
1.4978
-0.5283
-0.5769
0.0829
-0.1012
-0.0737
-0.083
-0.0185
-0.1015
0.1109
-0.0554
0.0923
-0.083
0.0277
-0.0185
0.0923
-0.0922
-0.0185
0.0
0.0369
-0.0092
0.0277
0.0185
-0.0369
0.12
-0.0553
-0.0184
-0.0277
-0.0369
-0.1569
0.0462
0.0
-0.0092
0.0555
-0.0739
0.037
-0.037
0.0832
-0.0092
-0.0369
-0.037
0.0832
0.2032
-0.0461
0.0
-0.1107
0.1016
0.0277
-0.0461
0.0
-0.1107
0.2493
-0.0276
0.0369
-0.1566
0.0738
-0.295
0.0925
0.0462
-0.0831
-0.037
-0.1849
-0.3519
0.1208
0.1114
0.0927
0.1297
-0.1295
0.0
0.1204
-0.0463
0.1018
0.0
-0.0185
-0.1017
0.0463
0.1203
-0.0462
-0.0092
0.0555
-0.0462
0.037
-0.0647
-0.1295
-0.037
-0.1482
-0.0278
0.0186
-0.0464
-0.0279
-0.0186
-0.13
0.2511
-0.0278
-0.1392
-0.0836
0.0
-0.0465
-0.121
-0.1584
0.0373
-0.056
-0.0467
0.0
-0.2148
0.0374
-0.2338
-0.1406
0.2253
-0.2061
-0.5726
-0.3021
-0.0284
-0.1137
0.0948
-0.0663
-0.0379
0.0569
0.0948
-0.161
0.1233
0.0095
-0.0379
0.0
0.0379
0.0189
-0.0474
0.2843
-0.1323
-0.0473
0.0757
0.1135
0.0661
-0.2171
0.0095
0.0378
0.0095
-0.0189
-0.0095
-0.0568
0.1325
0.1134
-0.1511
0.4633
-0.1412
-0.0189
-0.0283
-0.0754
-0.0566
0.0944
0.1038
-0.066
0.0566
-0.0754
-0.0283
0.1132
0.0942
0.2165
-0.1127
0.1035
0.0376
0.0282
0.338
0.0281
-0.0094
-0.0374
0.0842
-0.1777
-0.0468
-0.1593
0.1596
0.2905
0.1028
0.14
0.2703
0.0744
0.0836
0.1021
-0.0185
0.0464
0.0278
-0.1205
0.0093
0.0186
-0.0371
0.0278
-0.0093
-0.0186
0.0742
-0.102
0.0
-0.2042
0.0837
-0.0465
0.0093
-0.0744
0.0186
0.0093
0.1674
-0.0093
-0.0743
-0.0372
-0.0372
0.0558
-0.0372
-0.3069
-0.3918
-0.0094
-0.0562
0.2999
0.1214
0.0373
-0.056
0.3173
-0.0651
-0.0279
0.3352
-0.0835
0.0
0.2136
-0.102
0.1485
-0.1946
-0.0186
-0.0836
0.0279
0.2787
0.1482
-0.0277
-0.037
-0.1851
0.0556
0.0741
-0.0648
-0.0556
0.0834
-0.0463
0.139
-0.1481
-0.0927
0.1763
-0.0741
-0.0371
0.0649
0.0371
0.0371
-0.0556
0.0649
0.0185
-0.0185
-0.1018
-0.0371
0.0464
0.0556
0.0648
-0.0278
0.0093
0.1296
-0.0555
0.0093
0.148
0.1385
-0.0184
0.1107
-0.0276
0.0
0.083
-0.0184
0.0368
-0.0921
-0.3687
0.0185
0.4162
0.0461
-0.1197
-0.1383
-0.0369
-0.0277
0.1385
-0.0277
-0.0369
-0.0185
0.0092
0.0
0.0
-0.0831
-0.1663
-0.0555
0.0648
0.1295
0.0185
-0.0462
0.0647
0.0647
0.0738
-0.0369
0.0092
-0.0185
-0.0277
-0.0185
-0.0923
-0.0185
-0.0185
-0.1664
-0.0185
0.0093
0.1204
-0.0185
-0.0185
-0.0185
-0.0463
0.1759
0.1109
-0.1847
-0.0092
0.2683
-0.1568
-0.1016
0.0555
0.0185
-0.0277
-0.0832
-0.2776
-0.1392
0.1208
0.0464
0.4731
0.1108
0.498
0.3304
-0.2195
0.1192
2.4263
-0.0715
-0.3399
-0.3321
0.6124
-0.0537
-0.3582
-0.1438
-0.135
0.2434
-0.018
0.009
-0.045
0.3778
0.0179
-0.1165
0.296
-0.0894
-0.0537
-0.0179
0.0538
-0.0269
0.0537
0.0179
0.009
0.1163
-0.0715
0.0
0.0358
-0.0626
0.0268
-0.0537
0.0269
-0.2416
-0.1525
-0.2875
-0.1081
0.009
0.3066
-0.1438
-0.2161
0.0541
-0.1533
0.009
0.0632
-0.1083
-0.0723
0.0
-0.3255
-0.0816
0.0
0.1089
-0.2993
-0.1546
-0.1731
-0.0091
0.0913
0.0091
-0.3647
0.1647
-0.1644
0.1281
-0.1371
-0.0183
0.119
0.064
0.0
-0.5025
-0.5234
0.0554
-0.0923
0.1662
0.1475
0.1749
0.0368
-0.1653
-0.1472
0.2304
0.331
0.0092
-0.1924
0.1285
-0.1009
0.0551
-0.0183
-0.0917
0.0092
-0.2112
0.138
0.0368
0.2204
0.0
-0.165
-0.3488
-0.0368
0.0645
-0.1013
-0.0553
-0.1291
-0.0647
0.0
0.0185
0.0554
0.2216
0.0369
0.175
-0.0184
0.1288
-0.0643
-0.2849
-0.0369
-0.3043
-0.148
-0.1389
-0.2226
0.0186
-0.0837
0.0186
0.2418
0.1113
-0.2132
0.1672
-0.102
0.0928
-0.0742
-0.0186
0.0557
-0.0278
-0.065
-0.0929
-0.0093
0.0093
-0.0093
-0.0465
-0.0465
0.0465
0.0186
0.0186
0.1487
0.0371
0.0371
-0.2226
0.2603
-0.102
-0.3248
0.0838
0.1954
0.0
-0.3714
0.0466
0.2981
0.1765
-0.1391
-0.1764
-0.2511
0.4009
0.1114
-0.0464
0.0093
-0.167
0.1766
-0.0186
-0.0557
0.2229
-0.0649
0.0185
-0.0371
-0.0278
-0.0649
-0.1114
0.0465
-0.0372
0.0186
0.2694
0.1297
0.1388
-0.1663
-0.0278
0.0185
-0.2129
0.0557
-0.0464
-0.0649
0.0742
0.0556
-0.0556
-0.1669
-0.0093
-0.2415
0.0838
-0.0651
-0.0279
-0.0186
-0.0652
0.1212
-0.1676
0.0933
-0.0652
-0.0839
-0.168
-0.1776
-0.1685
-0.0844
-0.0751
0.1691
0.0656
0.0281
-0.0281
0.0
0.1125
0.0374
-0.0187
0.0655
0.0187
0.1122
-0.1962
0.0655
0.1122
0.0654
0.084
0.1026
0.0
0.0559
0.0559
0.0372
-0.0651
0.1397
-0.0558
-0.1116
0.0373
-0.0372
0.0838
0.0651
-0.0372
0.0558
-0.0651
-0.0186
-0.0465
-0.0279
0.0279
-0.0186
0.0
0.0373
0.0279
0.0
-0.1024
-0.0186
-0.1118
-0.028
0.028
-0.1399
-0.028
0.0561
-0.1121
0.1309
-0.028
0.2335
-0.0559
-0.0373
0.1212
-0.0652
0.261
-0.2045
0.1677
-0.4185
0.1494
-0.2145
0.0748
-0.2895
0.1218
-0.0655
0.0187
0.0374
0.0468
-0.0655
0.1965
-0.2148
-0.0187
-0.4493
0.1504
0.169
0.0281
-0.2905
0.0
0.2255
-0.075
0.0469
-0.0281
0.2533
0.0094
-0.0655
0.0749
-0.0842
0.0187
-0.0094
-0.0468
-0.2155
0.2535
-0.103
-0.0656
0.0375
0.0656
-0.1499
-0.0094
0.0188
0.0282
0.0657
-0.0187
-0.0281
0.1219
0.1593
-0.0468
-0.0561
-0.1966
-0.1501
0.0
-0.0376
-0.0188
-0.0752
0.1317
0.1973
-0.2719
0.141
0.0094
-0.0939
0.0282
-0.1033
0.0752
-0.1691
-0.0753
0.0094
-0.0283
0.0471
0.1601
-0.0376
-0.0376
-0.254
0.0755
0.0189
0.0754
0.0094
-0.0942
-0.1225
-0.0094
-0.0378
0.0378
-0.0189
-0.1227
0.0378
0.1228
0.2736
-0.0659
0.0
-0.0188
0.0377
0.0753
0.0753
0.0094
-0.0188
0.0
-0.2068
-0.0188
-0.0094
-0.0377
0.0283
0.0754
0.0188
0.0471
-0.1318
-0.1319
0.0944
0.0754
-0.4333
-0.0568
-0.0947
-0.2274
0.1614
-0.0474
-0.1328
0.076
0.1424
-0.0758
0.0095
0.0285
0.1612
-0.0473
0.0284
-0.0284
0.1042
0.0757
0.0378
0.0756
0.0094
-0.0094
0.0378
-0.0094
0.0661
-0.0283
-0.0189
0.0
0.0472
0.0755
0.066
-0.1319
0.0094
0.1321
0.0471
0.0659
-0.0376
0.0094
0.0282
-0.047
-0.0188
0.4802
-0.1499
0.1408
-0.0937
0.1313
-0.0187
0.1031
-0.2434
-0.0094
-0.1689
-0.235
0.2167
0.5923
0.4953
-0.093
0.2327
0.5386
0.6096
0.0826
-0.3119
0.0368
-0.0736
-0.0276
0.0092
0.2302
-0.2205
-0.2946
0.1847
0.6544
-0.0183
-0.0458
-0.1283
-0.0367
0.1652
-0.0916
0.1559
-0.0366
-0.3023
0.1103
0.0
-0.0551
-0.0367
0.0276
0.0827
0.1009
-0.2017
0.0367
-0.404
0.0922
-0.1474
-0.0922
0.2585
-0.0921
0.2765
-0.2206
-0.0184
-0.0184
-0.0553
0.0277
0.0645
-0.1382
0.0
0.0185
-0.0646
-0.0369
0.1754
0.4332
-0.4038
-0.3041
-0.3327
0.0
0.2875
-0.0647
0.1203
0.0185
-0.0092
-0.0739
0.0185
-0.0555
0.0833
-0.0462
0.0277
0.0462
-0.1386
0.0278
-0.1295
0.0556
0.0648
-0.1018
0.0185
0.0
-0.0093
0.0463
0.0185
0.0555
0.2497
0.0185
0.1199
0.129
0.046
-0.0184
-0.0552
-0.0552
0.0921
-0.0184
0.0
-0.0368
-0.0644
0.2579
0.2664
-0.0641
-0.0275
-0.055
-0.0275
-0.0367
-0.0643
0.0
0.0092
-0.2021
0.3498
-0.0734
-0.1285
0.6619
0.3014
0.0637
0.1365
0.0273
-0.0727
-0.0273
0.1273
0.0636
0.4357
-0.1446
0.3891
0.0631
0.0811
0.6661
-0.2951
-0.0807
0.1795
0.0896
-0.0806
-0.0717
0.0717
0.0896
-0.0179
-0.0806
-0.009
0.0806
-0.188
0.0807
-0.0717
0.1435
0.009
0.1164
0.2236
-0.0625
-0.0804
-0.0268
0.0447
-0.1072
0.0
-0.0984
-0.0537
-0.0806
-0.0538
0.0807
0.2241
-0.0179
-0.0089
0.0179
0.0179
-0.0089
0.2057
0.2946
0.6764
-0.0796
-0.115
-0.0531
-0.0798
0.1596
-0.186
-0.346
-0.276
0.0
0.1071
-0.1248
-0.2589
0.0537
0.2595
-0.0535
-0.2054
0.0805
0.295
-0.0535
0.2765
0.6492
0.3623
0.4842
-0.4731
0.1056
0.5716
0.3935
-0.3484
0.2447
0.8632
-0.2939
-0.0694
-0.1215
0.0608
-0.1649
0.2087
-0.0087
0.0434
-0.2342
-0.2261
-0.2179
0.0437
-0.2182
-0.2887
0.0526
-0.0088
0.2368
-0.28
0.1843
-0.1226
0.1841
-0.0438
0.3503
0.8202
-0.0087
0.1212
0.0346
-0.1728
-0.1385
0.5982
-0.3361
-0.1729
0.1992
-0.0173
-0.1038
-0.026
-0.0866
-0.104
-0.052
-0.0087
-0.0347
0.0781
-0.0868
0.1389
0.0173
-0.0347
0.0781
-0.1733
0.026
-0.0521
-0.0955
-0.1477
-0.1741
-0.1395
-0.0262
0.1485
-0.0349
-0.1047
-0.2882
0.1314
0.1574
-0.131
-0.0525
0.0
-0.0175
-0.1313
-0.1139
0.0877
0.0964
-0.035
-0.0788
-0.0701
0.0965
0.0701
-0.0963
0.1928
0.0175
0.1924
-0.0873
-0.1922
-0.0876
-0.0351
0.149
0.14
-0.0087
-0.0524
-0.0875
-0.07
0.0964
-0.0263
0.07
-0.1312
0.0438
-0.0263
0.0525
0.0
-0.0088
0.0
0.0
0.035
-0.0438
-0.0263
0.0175
-0.1313
0.149
-0.035
0.1051
0.1137
-0.1747
0.0175
-0.0438
0.0175
0.0175
-0.0175
0.105
-0.0262
0.0175
-0.0262
-0.0175
-0.07
-0.0175
0.0
-0.0525
-0.1051
0.0088
0.0614
0.0438
0.0876
0.1575
-0.0262
0.035
-0.0524
0.6557
0.2606
0.1993
-0.3026
-0.052
-0.1215
0.0174
0.2866
-0.052
-0.182
-0.1042
0.0174
0.7125
-0.3106
0.0346
-0.0433
0.0519
-0.0519
0.1818
0.095
-0.0949
0.0432
-0.0518
0.0518
-0.0604
0.0346
-0.0518
-0.0691
0.0432
0.0173
0.0
-0.0086
0.0086
-0.0086
0.0086
-0.1556
0.0519
-0.0433
-0.1385
0.156
-0.1904
-0.2254
0.2259
0.078
0.1126
0.0
-0.0692
-0.1039
-0.0087
0.0867
-0.1299
0.0607
0.5548
-0.3448
0.0779
-0.0951
-0.0606
0.0519
-0.0173
-0.0346
0.0433
-0.0606
0.026
0.1039
-0.0086
-0.0086
0.0
0.4238
-0.1034
-0.2155
0.0605
-0.0604
0.0086
0.2419
-0.0603
0.0259
0.0086
0.0431
0.1293
-0.0172
-0.0344
0.0172
-0.0086
0.0775
-0.0172
0.0
0.0
-0.0774
0.0947
-0.0602
0.1722
-0.043
0.0688
0.0859
0.0773
-0.0943
0.0086
0.0
0.0343
0.0343
0.223
0.0685
0.0428
-0.171
0.2227
0.1624
-0.1877
0.4616
-0.3148
0.0085
0.1195
0.0
-0.0938
0.0
-0.1109
0.0683
-0.128
0.0684
0.205
-0.0682
0.0341
0.0767
-0.0852
0.0341
0.0597
0.1363
0.051
-0.0765
0.034
0.0425
0.0
-0.0085
0.0085
-0.017
0.0765
-0.0085
-0.0085
0.017
0.153
0.0339
-0.0339
0.0339
0.2545
0.0931
0.1522
0.3714
0.1009
0.042
-0.042
-0.1512
0.101
-0.0925
-0.0841
-0.0253
0.1516
0.0505
-0.0504
0.1261
0.0252
0.3526
-0.2677
0.1091
0.4609
0.317
-0.0998
0.4578
0.2237
-0.2563
0.0497
-0.0828
-0.2487
0.2577
-0.1409
-0.1079
0.0997
-0.0083
0.1661
0.0414
0.2154
-0.0992
0.091
0.0
-0.0331
-0.0827
-0.149
0.2404
0.5624
0.0658
0.1973
0.4184
0.0735
0.0816
-0.1223
0.5145
-0.1706
-0.1139
-0.2444
-0.098
-0.0245
0.0981
0.0899
-0.1959
-0.0409
0.0245
-0.1227
-0.0491
-0.0983
0.0492
0.0164
0.0082
0.0738
0.2375
0.1062
0.3918
-0.4715
-0.4248
0.361
0.3678
-0.0977
-0.3505
-0.1636
-0.1147
-0.845
-0.1406
0.5302
0.2472
-0.5179
-0.0248
-0.0496
-0.0496
0.1158
0.0413
-0.1157
0.0579
0.0165
-0.0661
0.3225
0.1154
-0.0247
0.1482
-0.2796
-0.0412
0.0083
0.0
0.0412
0.066
-0.0659
0.0165
-0.0165
-0.2639
0.0496
0.0578
0.1404
0.2969
0.4523
-0.1883
0.0574
-0.0164
-0.0328
0.0082
0.0246
0.0082
0.1148
0.1719
0.0736
0.0572
0.3673
-0.488
0.1798
0.8322
-0.445
-0.4551
-1.0532
0.1073
-0.1813
-0.3386
0.3231
0.0826
0.132
0.1319
-0.1152
-0.1236
0.0495
-0.0247
0.033
-0.1072
-0.1238
-0.2149
-0.0911
-0.1078
0.0415
-0.0332
-0.0249
-0.0249
0.0083
0.2075
-0.1657
-0.0166
0.0664
0.1327
-0.1657
-0.0332
-0.1162
-0.3739
-0.3336
-1.0293
0.4819
-0.1683
0.0759
-0.1769
-0.2447
-0.3637
0.2122
-0.0424
0.0
-0.0508
-0.1696
1.0192
-0.1009
-0.4124
0.0592
-0.0676
0.0676
-0.152
0.1523
-0.1014
-0.0085
0.0085
0.1437
-1.6209
-0.0343
-0.5923
0.5095
0.0516
0.2404
-0.2741
0.1546
-0.0686
0.206
0.4368
-0.3241
-0.1968
-0.0857
0.0601
-0.0086
0.0257
-0.1457
0.103
-0.0257
-0.0257
0.0515
-0.0943
-0.0086
0.0258
0.0944
-0.1629
-0.0601
-0.0172
-0.0602
0.0172
0.1032
-0.1632
0.1291
-0.1375
-0.1033
0.0086
-0.0086
-0.0775
0.2586
-0.2752
-0.0776
0.0086
-0.0604
0.2245
-0.1465
0.4227
-0.2062
-0.1722
-0.2501
0.1556
-0.1295
0.0691
-0.1382
0.6573
0.5671
-0.3759
0.0686
-0.06
-0.0343
-0.1373
-0.0859
0.1634
0.2318
0.2141
-0.282
0.1885
0.0342
0.1026
0.3331
-0.1277
0.162
-0.0766
0.0937
-0.0511
-0.4172
0.2907
-0.1279
-0.1195
0.1111
-0.0598
0.1879
-0.2217
-0.4187
0.4204
-0.0684
-0.2137
-0.3256
-0.3438
0.207
0.5595
-0.0428
-0.1285
0.0857
0.1028
-0.291
0.1373
0.06
-0.0257
-0.0686
0.3258
0.0684
0.4185
0.0766
0.8244
0.2445
-0.1682
0.1853
-0.3447
-0.0591
0.0084
0.0591
0.0759
0.236
0.0757
-0.084
0.1177
0.1848
-0.1677
-0.2016
-0.1767
0.0843
-0.1011
-0.0422
0.0506
-0.0843
0.1857
0.1853
0.1345
0.0084
0.0588
-0.0587
-0.2267
0.0
-0.1683
0.2023
0.0757
-0.042
0.1177
0.1008
-0.1259
-0.1344
-0.3954
0.1351
-0.447
-0.4236
0.2553
0.0
0.4243
-0.0676
-0.0169
0.1353
-0.0591
0.0169
0.0423
0.2365
-0.0084
0.0843
-0.1937
0.1434
0.0842
0.0926
0.1093
0.126
-0.0336
-0.0084
-0.0084
-0.0588
-0.1848
0.101
-0.0336
0.2943
0.4192
0.0
0.2254
-0.025
-0.1417
0.0834
-0.1001
0.0
0.0
0.2671
-0.0916
-0.0583
-0.025
-0.0917
0.1085
-0.025
0.0083
0.4252
-0.274
0.1499
-0.0914
0.1415
0.1246
0.0332
0.2738
-0.2813
0.1162
0.0912
-0.0994
0.0166
0.0
-0.3397
-0.0915
-0.1332
0.025
0.2249
0.0998
0.7557
-0.0824
-0.099
-0.0908
0.0744
0.0495
-0.0083
-0.2311
-0.3806
-0.0831
0.2411
-0.0249
0.4811
-0.6026
0.083
-0.0913
-0.1246
0.0
0.0582
-0.0416
-0.0166
0.0166
0.158
-0.0166
-0.0083
-0.0249
-0.1744
0.0998
-0.1081
-0.0666
-0.0167
0.0167
0.1166
-0.0333
0.0832
-0.0166
-0.1164
-0.0166
-0.0999
-0.4083
0.3096
-0.1585
0.0919
-0.1586
-0.0084
0.0084
-0.1923
0.0838
0.0084
-0.2511
0.2601
0.1004
0.1505
0.3005
-0.0749
-0.0999
0.3418
-0.2991
0.0
-0.1417
0.1752
-0.0333
-0.1417
0.0751
-0.2335
0.1421
0.1502
0.0417
0.2333
0.1164
0.0913
0.0
0.0083
0.0995
0.0497
0.2733
-0.0578
-0.0083
0.0826
0.0991
0.099
-0.1978
-0.0578
-0.0661
0.0661
0.0909
-0.0495
0.033
0.2229
0.0988
0.3785
-0.1394
-0.0082
0.2299
0.1147
0.1227
0.0981
0.1796
-0.22
-0.0572
-0.2452
-0.1475
0.1149
0.1475
0.0
0.1227
0.0654
0.294
-0.57
-0.2867
0.3121
0.4831
0.0326
-0.0489
-0.2445
-0.1225
0.0245
-0.2781
0.2132
-0.1637
-0.1066
0.0082
0.0246
0.0164
0.0574
0.0164
-0.0574
-0.0246
0.0738
0.0164
-0.0082
0.0164
0.0246
0.0573
-0.0573
0.0082
0.0819
0.0491
-0.0491
-0.0246
-0.0819
0.0655
-0.0573
0.0573
0.0164
-0.0491
0.0082
0.3276
-0.0245
0.0163
-0.0245
-0.0082
-0.0817
0.0899
0.0735
0.0163
0.049
-0.0652
0.0653
0.1468
-0.0081
-0.1059
-0.2201
-0.2369
-0.0328
0.0655
-0.0327
-0.1638
0.0738
-0.0902
-0.2871
0.2633
-0.0821
-0.156
-0.2385
0.2639
0.0905
-0.1725
-0.0165
-0.1317
0.1401
0.0082
-0.1728
-0.3957
-0.2069
-0.0747
-0.083
-0.2326
0.1915
0.0
0.2327
-0.1327
-0.0747
-0.0166
0.0
-0.0083
-0.0332
-0.0582
0.1664
0.0415
0.0332
0.1079
0.058
-0.2071
-0.0166
-0.3321
0.1333
-0.1082
0.1832
0.1081
-0.1163
-0.0249
0.2745
0.0995
0.0911
0.0
-0.6623
0.2167
0.0166
-0.0083
-0.1829
0.075
-0.1748
0.1417
0.0
0.0333
-0.1998
-0.2669
-0.0836
-0.1925
0.3774
0.2506
-0.0083
0.025
0.0667
-0.0749
0.0
-0.05
0.1084
-0.025
0.0916
-0.0083
0.0333
0.0166
0.0083
-0.0083
0.0499
-0.0416
-0.1331
-0.1749
0.0918
-0.075
0.025
0.0083
-0.0584
0.0584
0.0334
0.0584
0.0583
-0.025
0.0666
-0.0999
0.225
-0.1746
0.3831
0.0332
-0.0746
0.1826
0.0746
0.1325
-0.0661
0.0579
0.0909
0.0743
0.2394
0.3458
-0.0574
0.0164
-0.0739
-0.0082
-0.3122
-0.0659
0.0165
0.0165
0.2968
0.0
-0.0986
-0.2715
-0.0908
0.0743
0.033
-0.033
0.0825
0.0907
0.1153
0.0247
0.0
-0.1152
0.1318
0.0
-0.0411
0.1893
-0.0986
0.0247
-0.0247
-0.1315
-0.0082
-0.1893
-0.0742
0.1156
0.0
-0.0742
-0.4043
-0.2568
-0.0332
-0.3905
0.1752
-0.0583
0.2166
0.0249
0.1662
0.0083
0.0083
0.0996
-0.4724
-0.0833
-0.0333
0.1
0.1666
-0.0582
-0.0416
0.0166
-0.1082
0.1416
0.183
0.0166
-0.2325
-0.1748
0.0083
0.175
-0.0832
-0.025
-0.0333
0.1667
-0.0166
-0.0166
0.0083
0.0083
-0.025
0.0166
0.0083
0.2413
0.0
-0.0996
0.0166
0.0415
-0.0249
0.0831
-0.0498
0.0498
0.0083
0.0
0.0083
0.0
-0.2074
0.0665
-0.0083
-0.0499
-0.0665
0.0666
0.2411
0.2405
0.0331
-0.0165
0.0414
0.0827
-0.0083
-0.0165
0.1983
0.2227
-0.2387
0.1485
0.0659
0.1317
0.1233
0.2299
0.1638
0.229
-0.1795
0.4251
-0.1465
0.1712
-0.0814
-0.2199
0.0163
-0.0898
-0.0408
0.1553
-0.0571
0.0
0.2368
-0.0896
0.1467
0.0407
0.1871
-0.0325
-0.2518
-0.057
0.0244
-0.1874
-0.2041
0.1063
-0.0899
0.0572
-0.3024
-0.0164
-0.1148
0.041
0.1969
-0.2047
-0.0574
-0.2956
-0.28
-0.5616
0.6312
0.2063
-0.0988
0.1154
0.0741
-0.2139
-0.0247
0.3712
0.189
-0.0082
0.566
0.0653
0.1141
-0.0407
-0.1955
-0.1469
-0.4332
0.1231
-0.2132
0.0904
-0.0985
-0.0986
0.2468
0.2954
-0.1309
0.0164
-0.0819
0.0082
-0.1557
0.0821
-0.0492
0.0903
-0.0738
-0.0164
-0.0492
0.0411
-0.0492
-0.0164
0.115
-0.0902
-0.0985
-0.0575
0.0493
-0.0329
-0.0411
0.1563
-0.0575
0.074
0.0903
0.1969
-0.1064
0.1557
0.1637
0.1634
0.0489
0.0
-0.1794
0.3349
0.1547
0.1625
0.0893
-0.1054
0.2678
-0.429
0.6178
-0.2343
0.0243
-0.2024
-0.1541
-0.2681
-0.1222
0.106
-0.0978
-0.0571
0.0
-0.0898
0.0163
0.147
-0.0245
0.1223
-0.0407
0.0326
-0.1955
-0.2531
-0.0982
-0.0819
-0.0082
-0.2542
0.2219
-0.0246
0.0656
0.0164
0.2213
0.0818
0.1389
0.0653
-0.1223
-0.0245
0.0817
-0.0571
-0.0817
-0.4495
0.0164
0.1231
-0.0246
-0.1066
-0.0246
-0.0575
-0.1314
0.1481
-0.2464
0.1729
0.0247
-0.1561
0.0412
0.0
0.2139
0.2381
0.1884
-0.188
0.2375
0.2206
-0.106
-0.1306
0.0
0.0163
-0.0572
-0.3597
-0.1641
0.1726
0.0164
-0.1477
0.0657
0.1642
0.0656
-0.1065
0.1312
-0.0409
-0.0737
-0.082
0.1067
0.1066
-0.0409
-0.1474
-0.0164
-0.0656
0.0821
0.0246
0.0574
-0.0492
0.0082
0.0738
-0.1065
0.0492
0.0328
0.0
-0.0246
-0.0574
0.0246
-0.0656
0.0164
0.0
-0.1969
-0.0411
-0.0576
0.0494
0.1234
0.0821
0.0246
-0.0492
-0.3859
0.239
-0.1233
-0.1153
0.1154
-0.3128
-0.0083
-0.0743
-0.1322
0.0579
-0.1902
0.1989
0.3226
0.1072
-0.0659
-0.033
0.3545
0.0986
0.0
-0.1067
-0.1232
0.0329
0.0822
-0.1397
0.0658
0.0411
-0.0164
-0.0082
-0.0082
-0.0247
0.2056
-0.1231
0.0246
-0.0082
-0.0411
0.0247
-0.0411
-0.0411
-0.2385
-0.1484
0.1156
-0.1402
0.0413
0.066
-0.0495
0.0
-0.0578
0.033
0.1651
-0.0577
0.1567
0.1482
-0.074
0.1069
-0.567
0.0413
0.0826
0.1486
0.0495
-0.0247
-0.0742
-0.2721
0.1488
-0.1073
-0.0165
0.0992
-0.1156
0.0744
-0.1322
0.0827
-0.0413
0.0165
-0.0248
0.0
0.0248
0.0
0.1323
0.0248
-0.033
-0.033
0.0909
-0.0495
-0.0083
0.0248
-0.066
-0.0165
0.157
0.1072
0.0247
-0.0741
0.0495
0.0247
-0.0165
-0.0494
0.0577
0.206
-0.1151
0.0823
0.0165
-0.0905
-0.1646
-0.0082
0.0907
0.1483
-0.0247
0.074
-0.0411
0.1398
-0.4189
0.8743
-0.0491
0.1309
-0.049
-0.0817
-0.0573
0.442
0.0326
0.1792
-0.0976
-0.3337
0.1143
-0.0163
-0.0408
-0.049
0.0735
-0.0163
0.0163
0.2856
-0.0488
-0.1873
-0.0326
-0.0245
-0.204
-0.0572
-0.1555
0.041
-0.1556
-0.0574
0.041
0.1313
-0.0328
-0.0984
0.2298
-0.0246
-0.131
-0.0656
-0.0821
0.1642
0.1394
0.0409
0.0491
0.2045
0.0571
-0.0326
-0.1469
0.049
-0.1879
0.1555
-0.0327
0.049
-0.0245
0.0327
0.2451
-0.0163
-0.2771
0.2043
-0.106
-0.0327
0.0653
-0.098
-0.1471
-0.1637
-0.0082
0.0164
0.1147
0.1637
-0.1308
0.0655
-0.0736
-0.0246
0.0409
-0.09
0.041
-0.0409
-0.0737
0.082
-0.041
-0.1147
-0.082
0.0575
-0.0082
0.0738
0.0984
0.0328
0.0328
-0.0082
0.0655
-0.0982
-0.0409
0.0246
0.1065
-0.0327
0.0164
-0.1064
0.0164
-0.0082
0.0573
-0.0737
0.0328
0.0
-0.0328
0.0573
0.0573
-0.0491
0.0819
-0.1473
0.0328
-0.1147
0.1968
0.1473
0.2942
0.0652
0.0163
-0.7082
0.0246
0.0
0.0
-0.1393
-0.0985
0.6737
-0.2693
0.0491
-0.0491
-0.1309
-0.0164
0.0492
-0.0082
-0.0492
0.0984
0.0
0.0491
0.0164
0.3355
-0.3262
0.0164
-0.0082
-0.0736
0.0655
-0.0818
0.0
-0.0082
0.1065
-0.0982
-0.0246
0.0246
-0.0246
0.041
-0.1146
-0.1393
-0.0821
-0.2054
0.0082
-0.0412
-0.14
0.1154
-0.0082
0.0165
0.0165
0.1235
-0.3208
0.1485
0.0
0.0494
-0.0082
0.0165
0.1153
-0.0082
0.0247
-0.1974
0.2307
0.2877
-0.0164
-0.1558
-0.0082
0.0739
0.0656
0.0328
0.123
0.0982
0.1145
-0.0082
-0.0163
0.0
0.0
0.0163
-0.1062
-0.0327
-0.0573
-0.0409
0.0
0.0328
0.131
0.0
-0.0654
-0.0491
0.0246
-0.1309
-0.0328
0.0246
-0.1065
-0.0902
0.0493
-0.0328
0.0164
-0.0328
-0.1396
-0.1069
-0.0412
-0.0412
0.0659
0.0412
-0.0411
-0.0906
-0.0412
0.2143
0.074
-0.0575
0.0823
-0.0493
-0.1809
-0.453
0.4137
-0.1648
-0.1568
-0.0413
0.0414
0.0909
0.1487
0.0907
0.033
0.0659
0.0165
0.0329
0.0082
0.1563
0.2218
-0.082
0.0
-0.1559
-0.0164
0.1315
-0.0328
0.0
0.0985
0.082
0.0983
-0.09
0.0901
-0.0819
0.1311
0.2209
-0.1388
0.1472
0.0
0.0653
-0.2774
0.1145
0.1389
-0.0571
-0.0245
0.0245
-0.0898
0.049
-0.0163
-0.0163
0.049
0.0327
-0.0735
0.0
-0.2369
0.0983
0.1064
0.049
-0.0899
0.0
-0.0736
-0.0082
0.0982
-0.049
-0.0818
-0.1473
0.0
0.0574
-0.2048
0.0903
0.1066
-0.0655
0.1066
-0.0328
-0.0246
0.0246
0.1065
0.0
0.0409
0.0982
-0.1226
0.0082
-0.1064
-0.0082
0.1311
0.0245
0.0164
0.0409
-0.0163
0.0327
0.1798
-0.0653
0.1878
0.1304
0.1465
-0.0325
-0.1138
-0.2116
-0.0652
0.0571
-0.0245
0.1305
0.1059
0.0488
0.0325
-0.1464
-0.0407
0.2037
0.2846
-0.0405
-0.0649
0.0974
0.0324
0.0486
-0.397
0.3253
0.2837
0.0404
-0.0485
0.1294
0.1373
-0.129
0.113
0.121
0.145
0.0241
-0.1447
0.0564
-0.008
-0.0161
-0.0483
0.1289
-0.0161
-0.2092
0.0242
-0.1531
-0.0646
0.0081
0.0565
-0.0888
0.0646
-0.0565
0.0162
-0.0323
0.0242
0.0
-0.0404
-0.0485
0.0243
-0.0162
0.0081
0.0243
0.1212
-0.0969
0.0323
-0.0565
-0.0242
-0.0485
-0.0971
0.0648
-0.3317
0.0
0.2516
-0.1215
0.0081
-0.0567
-0.219
-0.1626
0.0651
-0.0325
-0.0488
-0.0081
-0.057
0.0081
0.0407
-0.2281
-0.0082
-0.1306
-0.0082
0.0818
0.1144
-0.1061
0.1389
-0.0734
-0.1143
-0.049
-0.0818
-0.0573
-0.0655
-0.041
-0.0082
-0.1148
-0.1395
0.0247
0.0
0.1561
-0.1887
-0.0657
-0.0411
-0.074
-0.1235
-0.0824
0.0165
0.0247
0.0165
0.0907
-0.1895
0.0578
0.0577
0.0907
-0.3871
-0.1654
0.0911
0.0496
-0.091
0.1904
0.19
-0.4948
0.3481
0.1074
0.165
-0.0494
0.0906
0.0329
0.1564
-0.1561
0.0412
0.0165
0.2961
0.1312
-0.1884
-0.0821
0.0164
0.0903
-0.1887
0.148
-0.0575
-0.0821
-0.0493
-0.0329
0.0329
0.2549
-0.0164
-0.0984
0.115
-0.0328
-0.041
0.0082
-0.0739
-0.0493
0.0
0.0
-0.0493
-0.1315
0.0082
0.0823
-0.0658
-0.0247
0.1317
-0.1069
-0.0247
0.0494
0.0741
0.0247
0.074
-0.0164
-0.0986
0.0987
-0.2136
0.1482
0.2137
0.1969
-0.1801
-0.0984
-0.1067
-0.0904
0.0823
-0.074
-0.2303
-0.0165
0.0
0.1319
-0.14
0.1237
-0.0659
0.1731
-0.0329
-0.0658
-0.0165
0.0329
0.0329
0.0659
0.0165
0.1152
0.0575
-0.1724
0.0823
0.0329
-0.1561
-0.0494
0.0165
0.0412
-0.0247
-0.1564
0.0165
0.0
-0.033
0.1237
0.0165
-0.107
0.0824
0.0165
0.2058
0.1479
0.1395
0.3441
0.0163
-0.0816
-0.2124
0.0327
0.1637
-0.1307
0.1718
0.0735
0.049
-0.0408
0.1469
0.0815
0.0651
-0.1546
0.0081
-0.0489
-0.0163
0.0408
0.0
-0.0326
-0.106
-0.1306
0.0981
0.0163
0.0245
-0.1143
-0.0409
0.0817
0.0817
0.1632
0.0733
-0.0163
0.0651
-0.0488
-0.1384
-0.0082
0.0489
0.0163
-0.0163
0.0
-0.0244
0.0163
0.0978
-0.0407
0.1466
-0.1057
-0.114
-0.0163
0.0571
0.0407
0.1629
0.0407
0.2276
0.1298
0.2268
-0.0647
0.1779
0.1453
0.0081
-0.0081
0.2741
0.2572
0.0641
0.0321
-0.0481
0.024
-0.0721
0.0561
-0.4888
-0.2577
-0.0565
0.0242
-0.0242
0.3312
0.0
-0.0644
0.0
0.0242
0.0725
-0.008
0.0
-0.0161
-0.0644
-0.0161
-0.1611
0.0081
0.0323
-0.0484
-0.0726
-0.0565
0.0242
-0.0242
-0.0081
-0.0242
0.1374
-0.0323
-0.0485
0.0162
0.105
-0.0161
0.0081
-0.0726
-0.0081
0.0
0.0565
0.0404
-0.0161
0.0646
0.0161
0.0403
-0.0081
-0.1129
-0.0807
-0.0242
-0.1131
-0.0971
0.0648
-0.0405
-0.0081
0.0162
0.0567
-0.0566
-0.3642
-0.0325
0.0
0.065
0.1218
-0.0324
-0.1136
-0.1462
-0.1301
-0.2036
0.0245
-0.0816
-0.0163
0.147
0.1223
-0.057
0.0
-0.1548
-0.0082
0.0408
-0.1224
0.0735
-0.0245
-0.1552
-0.0327
-0.0082
-0.0082
0.0327
-0.0164
-0.0245
-0.0655
0.0819
0.0
0.3682
0.0326
0.0163
-0.0081
-0.0081
-0.1059
-0.3182
-0.221
0.0164
-0.0328
0.0328
0.0164
0.0
-0.0492
-0.1066
0.4845
0.0817
0.0163
0.0163
0.1551
-0.0489
0.5219
-0.2515
0.0488
-0.1057
-0.179
0.0
0.2201
0.0813
0.0813
-0.0975
-0.1544
0.2768
-0.0162
-0.0325
-0.0244
-0.065
-0.0163
-0.0325
0.0651
-0.065
0.0081
-0.0325
0.057
-0.0325
0.0
-0.0407
-0.236
0.0163
-0.1468
0.0245
-0.1388
0.0572
-0.2206
0.0328
0.0246
0.1883
0.0245
-0.0817
0.0654
-0.0408
0.1961
0.0408
-0.0571
0.1224
-0.0896
-0.2039
-0.1389
0.6874
-0.3739
-0.31
0.0818
0.139
0.0245
0.0735
0.1468
-0.1222
-0.0326
0.0979
0.0978
0.1873
0.0894
0.0487
-0.2759
-0.3337
0.1715
0.0734
-0.1059
0.0163
-0.0326
0.0245
0.0897
-0.0978
-0.0326
0.0408
0.1305
0.0163
-0.0407
0.0081
0.2688
0.0244
-0.0974
-0.13
-0.0651
-0.0489
-0.0652
0.0897
-0.1059
0.0815
0.0
0.0081
-0.0163
-0.1874
0.0571
0.0326
0.0082
0.0408
0.106
0.0081
0.0163
-0.0244
-0.057
0.4645
-0.073
0.3247
-0.0243
-0.1052
-0.0648
-0.0892
0.1866
0.0567
-0.0486
0.0486
-0.1133
0.0162
-0.081
-0.0405
0.1298
-0.0081
-0.0081
-0.1134
-0.0162
0.0487
0.0
-0.0324
-0.0649
-0.138
0.0325
0.2275
-0.0324
0.0243
-0.0324
0.0162
-0.0811
0.0325
-0.0406
0.0325
0.1136
-0.0081
-0.0162
0.0405
-0.0243
0.0081
0.0729
-0.0081
0.162
0.1779
-0.0969
-0.097
-0.1537
-0.0486
0.2431
-0.0566
-0.1052
-0.1619
0.0487
0.0324
0.3566
-0.0323
0.3312
-0.1127
-0.0725
-0.1049
-0.105
0.0566
0.0404
0.0323
0.0161
0.0807
-0.1371
0.1454
0.1048
-0.0886
-0.0081
-0.0081
-0.0484
-0.0484
0.0323
-0.0484
0.0242
0.0
-0.0242
0.0404
-0.0646
0.0404
0.0242
-0.0484
0.0161
-0.1049
0.0727
-0.0081
-0.0808
0.0
0.0889
0.0081
-0.0727
-0.0566
0.1051
-0.0969
0.0
0.1374
0.0727
-0.0484
-0.0081
-0.0807
-0.0565
0.0727
0.0646
-0.0404
-0.0323
0.0485
0.0646
-0.0081
0.0242
0.0726
-0.0403
0.0645
-0.0645
0.0081
0.0
-0.0403
0.0161
0.0323
0.0484
-0.0484
0.0887
0.0
0.0
-0.0161
-0.0242
-0.0161
-0.0403
0.0484
0.0564
0.0967
0.0483
0.0483
-0.0482
0.0
0.1126
0.0482
0.0562
0.0883
-0.016
-0.0642
-0.0401
0.0482
0.0161
-0.0642
0.0241
-0.0883
0.0643
-0.0562
0.0643
-0.0482
-0.0321
0.0321
0.0161
-0.0241
-0.0161
0.1205
-0.0722
-0.008
0.0
0.0161
-0.0401
0.2651
-0.1041
0.0241
-0.016
-0.0642
0.0802
0.1523
0.04
0.0
0.0
-0.008
0.032
-0.048
0.032
0.056
-0.1679
0.0721
0.032
0.016
0.016
-0.032
0.016
0.0
0.016
0.048
0.008
-0.016
0.032
-0.0799
0.056
-0.04
-0.008
-0.048
0.048
-0.032
0.024
0.04
-0.096
0.048
-0.016
-0.04
0.008
-0.016
0.024
0.08
-0.136
0.0641
0.008
-0.048
-0.1281
0.2726
-0.048
-2.5678
0.5255
0.392
-0.0732
-0.0488
-0.057
-0.0815
-0.0082
0.0
-0.0082
-0.0408
-0.0735
-0.0327
-0.0163
-0.0981
-0.0327
-0.1882
-0.0082
-0.0082
0.0246
-0.0246
0.1148
0.0328
-0.1965
-0.0656
-0.1231
-0.1151
0.0905
-0.074
-0.0576
-0.0165
0.3293
0.0246
-0.0492
-0.0821
0.1643
-0.1148
-0.2135
-0.0576
-0.0494
-0.0494
-0.0659
0.0495
-0.0907
-0.0082
0.1238
0.0742
0.1482
0.0164
-0.0247
0.0
-0.0247
-0.2056
0.1978
0.181
-0.0739
-0.0246
-0.0082
-0.0986
0.0411
-0.1069
0.1646
-0.0575
-0.0411
0.0247
-0.074
0.0658
0.0494
0.0576
-0.0904
-0.0082
0.0329
-0.0164
-0.0411
-0.0905
0.0494
-0.0576
0.0329
-0.0906
-0.173
0.0413
0.1238
-0.0412
-0.033
-0.0247
0.0247
-0.0082
0.0165
0.0165
0.1072
-0.0165
0.0
-0.0247
0.0412
0.0082
0.0659
-0.0329
0.0247
-0.0412
-0.0247
0.0165
0.0329
-0.214
0.0082
-0.0165
0.0908
-0.3297
0.5541
-0.0658
0.3045
-0.0328
-0.1231
-0.1561
0.0658
0.0
-0.0576
0.0741
-0.1151
0.0082
0.0412
-0.0165
-0.0082
-0.0082
0.0165
-0.0165
-0.0082
0.0741
-0.0165
0.0247
-0.0247
0.0494
-0.0493
0.0165
0.0247
0.0
-0.0329
0.0329
-0.0164
-0.0494
-0.0082
0.0329
0.0165
0.0576
-0.0164
-0.0411
0.0411
-0.0658
0.0658
0.0082
0.0
-0.0082
0.0
-0.0164
0.0082
-0.0576
-0.0082
-0.0082
0.0411
0.0082
-0.0082
-0.0247
0.0905
0.0411
-0.1315
-0.0905
0.0329
-0.0576
0.0082
0.0988
-0.0247
-0.0988
0.0824
0.0082
0.0247
0.0658
-0.0411
0.0165
-0.0329
0.0576
-0.0082
-0.0165
-0.0165
-0.0247
0.0905
-0.0576
0.0247
0.0165
0.0082
0.0164
-0.0164
-0.0082
0.0
-0.0082
0.0082
0.0
0.0493
-0.0329
-0.0411
0.0082
0.0
0.0247
-0.0082
0.0082
-0.0082
0.0164
0.0
-0.0082
0.0
-0.0493
0.0
-0.0411
0.0412
0.0165
-0.0329
0.0658
0.0
0.0329
-0.148
0.0823
-0.0165
0.1728
-0.0246
-0.0246
0.0164
-0.0411
0.0
0.0
0.0247
-0.0329
0.0658
-0.0493
-0.0657
0.0082
-0.0082
0.0493
0.0
-0.0493
0.074
-0.0247
-0.0247
-0.0164
-0.0247
0.0
0.0247
-0.0247
-0.0165
0.0329
0.0
0.0
0.0
-0.0164
0.0247
-0.0082
0.0
-0.0411
0.0411
-0.0329
0.0
0.0329
0.0
0.0
0.0
0.0164
-0.0164
0.0082
-0.0082
0.0
0.0082
0.0082
0.0
-0.0164
0.0247
0.0904
-0.0575
0.0575
-0.0164
-0.0329
0.0164
0.0164
-0.0411
0.0164
-0.0164
0.0
0.0
0.0247
-0.0247
0.0082
0.0
0.0329
-0.0164
-0.0411
-0.0082
0.0
0.0
0.0164
-0.0247
-0.0164
0.0576
-0.0082
-0.0082
-0.0247
0.0164
-0.0247
0.0329
0.0247
-0.0164
-0.0164
-0.0493
0.0082
0.0164
-0.0164
0.0329
0.0329
-0.0164
-0.0329
0.0576
0.0082
0.0411
-0.0821
0.0247
0.0329
0.0329
-0.0411
-0.0082
0.0986
0.0739
0.2051
-0.0819
0.1229
0.0082
0.0409
0.1063
-0.0245
-0.0163
0.0245
0.0163
0.049
0.098
0.0326
-0.0326
0.1061
0.1711
0.0
-0.0163
0.0163
-0.0325
0.0
0.0244
0.0
0.0081
0.0651
-0.0732
0.0407
0.0163
0.0569
0.0163
-0.0813
0.0163
-0.0569
-0.0651
0.0326
-0.0163
0.1221
-0.0081
-0.0081
0.0244
-0.0081
0.0163
-0.0325
0.0163
-0.1138
-0.0977
0.0081
0.0407
0.0896
-0.0081
-0.0081
0.0814
0.0488
-0.0325
-0.0569
0.1057
-0.0162
0.0406
0.0
0.0244
-0.0812
-0.0325
-0.0244
0.0895
0.0487
-0.0731
0.0244
-0.0081
0.0081
0.0081
-0.0406
0.0244
-0.0569
0.0163
0.0244
-0.0244
-0.0081
0.0244
-0.0325
0.0081
0.0244
-0.0163
-0.0244
0.1138
0.0406
0.0162
-0.1055
0.0325
-0.0325
0.0488
0.0569
0.0162
0.0081
0.0243
-0.0243
0.0649
0.1298
-0.081
-0.0648
0.0
-0.0649
0.0162
0.0325
-0.0162
-0.1379
0.2437
